120,-0.0033024302430242
121,0.0221147297900865
122,0.0221147297900865
123,0.0221147297900865
124,0.0221147297900865
125,0.0221147297900865
126,0.0221147297900865
127,0.0221147297900865
128,0.0221147297900865
129,0.0221147297900865
130,0.0221147297900865
131,0.0221147297900865
132,0.0221147297900865
133,0.0221147297900865
134,0.0221147297900865
135,0.0221147297900865
136,0.0221147297900865
137,0.0221147297900865
138,0.0221147297900865
139,0.0221147297900865
140,0.0221147297900865
141,0.0221147297900865
142,0.0250712822377106
143,0.0250712822377106
144,0.0250712822377106
145,0.0250712822377106
146,0.0250712822377106
147,0.0221147297900865
148,0.0221147297900865
149,0.0221147297900865
150,0.0221147297900865
151,0.0221147297900865
152,0.0221147297900865
153,0.0221147297900865
154,0.0221147297900865
155,0.0221147297900865
156,0.0221147297900865
157,0.0221147297900865
158,0.0221147297900865
159,0.0221147297900865
160,0.0221147297900865
161,0.0221147297900865
162,0.0250712822377106
163,0.0250712822377106
164,0.0250712822377106
165,0.0221147297900865
166,0.0221147297900865
167,0.0221147297900865
168,0.0221147297900865
169,0.0221147297900865
170,0.0250712822377106
171,0.0250712822377106
172,0.0221147297900865
173,0.0250712822377106
174,0.0250712822377106
175,0.0280278346853347
176,0.0280278346853347
177,0.0280278346853347
178,0.0250712822377106
179,0.0250712822377106
180,0.0250712822377106
181,0.0250712822377106
182,0.0250712822377106
183,0.0250712822377106
184,0.0250712822377106
185,0.0250712822377106
186,0.0250712822377106
187,0.0250712822377106
188,0.0250712822377106
189,0.0250712822377106
190,0.0250712822377106
191,0.0250712822377106
192,0.0250712822377106
193,0.0250712822377106
194,0.0250712822377106
195,0.0250712822377106
196,0.0250712822377106
197,0.0250712822377106
198,0.0250712822377106
199,0.0250712822377106
200,0.0250712822377106
201,0.0221147297900865
202,0.0221147297900865
203,0.0221147297900865
204,0.0221147297900865
205,0.0221147297900865
206,0.0221147297900865
207,0.0221147297900865
208,0.0221147297900865
209,0.0221147297900865
210,0.0221147297900865
211,0.0221147297900865
212,0.0221147297900865
213,0.0221147297900865
214,0.0221147297900865
215,0.0221147297900865
216,0.0221147297900865
217,0.0221147297900865
218,0.0221147297900865
219,0.0221147297900865
220,0.0221147297900865
221,0.00809118086946157
222,0.0180501000591748
223,0.0180027993809337
224,0.017992500338598
225,0.0180297861022021
226,0.0181172466500313
227,0.00821722356646339
228,0.00828202896043056
229,0.00829976773769447
230,0.00830576486883754
231,0.00835881919862397
232,0.00837285892124742
233,0.00828888715445748
234,0.00819292706117882
235,0.00809397660276888
236,0.00803257166049994
237,0.00801882260094578
238,0.00801695909177987
239,0.00801805870497923
240,0.00801989586337631
241,0.00802191542879028
242,0.010363778931246
243,0.00691708203728921
244,0.00659245793403808
245,0.0032860434660211
246,0.00328200376058652
247,-0.002165656318318
248,-0.00216522423888773
249,-0.00216341546713915
250,0.00783873474260905
251,-0.00504412345743976
252,-0.00459473258508137
253,0.00355952259217148
254,0.00596638735094517
255,0.00694570151385243
256,0.00756421603063792
257,0.00804530498511973
258,0.00845211165270029
259,0.00885783447549452
260,0.00926079312470662
261,0.00966306127315199
262,0.0124024657836264
263,0.0108472528054831
264,0.0106740708876262
265,0.0139979493635555
266,0.0114154812326318
267,0.0250712822377106
268,0.0250712822377106
269,0.0250712822377106
270,0.0250712822377106
271,0.0250712822377106
272,0.0250712822377106
273,0.0250712822377106
274,0.0250712822377106
275,0.0250712822377106
276,0.0250712822377106
277,0.0250712822377106
278,0.0250712822377106
279,0.0250712822377106
280,0.0250712822377106
281,0.0250712822377106
282,0.0250712822377106
283,0.0250712822377106
284,0.0250712822377106
285,0.0250712822377106
286,0.0250712822377106
287,0.0250712822377106
288,0.0250712822377106
289,0.0250712822377106
290,0.0250712822377106
291,0.0250712822377106
292,0.0250712822377106
293,0.0250712822377106
294,0.0250712822377106
295,0.0250712822377106
296,0.0250712822377106
297,0.0250712822377106
298,0.0250712822377106
299,0.0221147297900865
300,0.0221147297900865
301,0.0221147297900865
302,0.0280278346853347
303,0.0280278346853347
304,0.0280278346853347
305,0.0280278346853347
306,0.0280278346853347
307,0.0280278346853347
308,0.0280278346853347
309,0.0280278346853347
310,0.0250712822377106
311,0.0250712822377106
312,0.0250712822377106
313,0.0309843871329589
314,0.033940939580583
315,0.033940939580583
316,0.033940939580583
317,0.033940939580583
318,0.033940939580583
319,0.0309843871329589
320,0.0309843871329589
321,0.0309843871329589
322,0.0309843871329589
323,0.0309843871329589
324,0.0309843871329589
325,0.0309843871329589
326,0.0309843871329589
327,0.0280278346853347
328,0.0280278346853347
329,0.0280278346853347
330,0.0280278346853347
331,0.0280278346853347
332,0.0280278346853347
333,0.0280278346853347
334,0.0280278346853347
335,0.0280278346853347
336,0.0280278346853347
337,0.0250712822377106
338,0.0250712822377106
339,0.0250712822377106
340,0.0250712822377106
341,0.0250712822377106
342,0.0250712822377106
343,0.0250712822377106
344,0.0250712822377106
345,0.0250712822377106
346,0.0250712822377106
347,0.0250712822377106
348,0.0250712822377106
349,0.0250712822377106
350,0.0250712822377106
351,0.0250712822377106
352,0.0250712822377106
353,0.0221147297900865
354,0.0221147297900865
355,0.0221147297900865
356,0.0221147297900865
357,0.0221147297900865
358,0.0221147297900865
359,0.0221147297900865
360,0.0280278346853347
361,0.0250712822377106
362,0.0250712822377106
363,0.0250712822377106
364,0.0250712822377106
365,0.0250712822377106
366,0.0250712822377106
367,0.0250712822377106
368,0.0250712822377106
369,0.0250712822377106
370,0.0250712822377106
371,0.0250712822377106
372,0.0250712822377106
373,0.0250712822377106
374,0.0250712822377106
375,0.0250712822377106
376,0.0250712822377106
377,0.0250712822377106
378,0.0250712822377106
379,0.0250712822377106
380,0.0250712822377106
381,0.0250712822377106
382,0.0250712822377106
383,0.0221147297900865
384,0.0221147297900865
385,0.0221147297900865
386,0.0221147297900865
387,0.0221147297900865
388,0.0221147297900865
389,0.0221147297900865
390,0.0221147297900865
391,0.0221147297900865
392,0.0221147297900865
393,0.0221147297900865
394,0.0221147297900865
395,0.0221147297900865
396,0.0221147297900865
397,0.0221147297900865
398,0.0221147297900865
399,0.0221147297900865
400,0.0221147297900865
401,0.0221147297900865
402,0.0221147297900865
403,0.0221147297900865
404,0.0221147297900865
405,0.0221147297900865
406,0.0221147297900865
407,0.0221147297900865
408,0.0221147297900865
409,0.0221147297900865
410,0.0221147297900865
411,0.0221147297900865
412,0.0221147297900865
413,0.0221147297900865
414,0.0221147297900865
415,0.0221147297900865
416,0.0221147297900865
417,0.0221147297900865
418,0.0221147297900865
419,0.0221147297900865
420,0.0221147297900865
421,0.0221147297900865
422,0.0221147297900865
423,0.0221147297900865
424,0.0221147297900865
425,0.0221147297900865
426,0.0221147297900865
427,0.0221147297900865
428,0.0221147297900865
429,0.0221147297900865
430,0.0221147297900865
431,0.0221147297900865
432,0.0221147297900865
433,0.0221147297900865
434,0.0221147297900865
435,0.0221147297900865
436,0.0221147297900865
437,0.0221147297900865
438,0.0221147297900865
439,0.0221147297900865
440,0.0221147297900865
441,0.0221147297900865
442,0.0221147297900865
443,0.0221147297900865
444,0.0221147297900865
445,0.0221147297900865
446,0.0221147297900865
447,0.0221147297900865
448,0.0221147297900865
449,0.0221147297900865
450,0.0221147297900865
451,0.0221147297900865
452,0.0309843871329589
453,0.0309843871329589
454,0.0309843871329589
455,0.0309843871329589
456,0.0309843871329589
457,0.0280278346853347
458,0.0280278346853347
459,0.0280278346853347
460,0.0280278346853347
461,0.0280278346853347
462,0.0280278346853347
463,0.0280278346853347
464,0.0280278346853347
465,0.0280278346853347
466,0.0280278346853347
467,0.0280278346853347
468,0.0250712822377106
469,0.0250712822377106
470,0.0250712822377106
471,0.0250712822377106
472,0.0250712822377106
473,0.0250712822377106
474,0.0250712822377106
475,0.0250712822377106
476,0.0250712822377106
477,0.0250712822377106
478,0.0250712822377106
479,0.0250712822377106
480,0.0250712822377106
481,0.0250712822377106
482,0.0250712822377106
483,0.0250712822377106
484,0.0250712822377106
485,0.0250712822377106
486,0.0250712822377106
487,0.0250712822377106
488,0.0250712822377106
489,0.0250712822377106
490,0.0221147297900865
491,0.0221147297900865
492,0.0221147297900865
493,0.0221147297900865
494,0.0221147297900865
495,0.0221147297900865
496,0.0221147297900865
497,0.0221147297900865
498,0.0221147297900865
499,0.0221147297900865
500,0.0221147297900865
501,0.0221147297900865
502,0.0221147297900865
503,0.0221147297900865
504,0.0221147297900865
505,0.0221147297900865
506,0.0221147297900865
507,0.0221147297900865
508,0.0221147297900865
509,0.0221147297900865
510,0.0221147297900865
511,0.0221147297900865
512,0.0221147297900865
513,0.0221147297900865
514,0.0221147297900865
515,0.0221147297900865
516,0.0221147297900865
517,0.0221147297900865
518,0.0221147297900865
519,0.0221147297900865
520,0.0221147297900865
521,0.0221147297900865
522,0.0221147297900865
523,0.0221147297900865
524,0.0221147297900865
525,0.0221147297900865
526,0.0221147297900865
527,0.0221147297900865
528,0.0221147297900865
529,0.0191581773424624
530,0.0191581773424624
531,0.0191581773424624
532,0.0191581773424624
533,0.0191581773424624
534,0.0191581773424624
535,0.0191581773424624
536,0.0191581773424624
537,0.0191581773424624
538,0.0191581773424624
539,0.0191581773424624
540,0.0191581773424624
541,0.0191581773424624
542,0.0191581773424624
543,0.0250712822377106
544,0.0250712822377106
545,0.0250712822377106
546,0.0250712822377106
547,0.0250712822377106
548,0.0250712822377106
549,0.0250712822377106
550,0.0250712822377106
551,0.0221147297900865
552,0.0221147297900865
553,0.0221147297900865
554,0.0221147297900865
555,0.0221147297900865
556,0.0221147297900865
557,0.0221147297900865
558,0.0221147297900865
559,0.0221147297900865
560,0.0221147297900865
561,0.0221147297900865
562,0.0221147297900865
563,0.0221147297900865
564,0.0221147297900865
565,0.0221147297900865
566,0.0221147297900865
567,0.0221147297900865
568,0.0221147297900865
569,0.0221147297900865
570,0.0221147297900865
571,0.0221147297900865
572,0.0221147297900865
573,0.0221147297900865
574,0.0221147297900865
575,0.0221147297900865
576,0.0221147297900865
577,0.0221147297900865
578,0.0221147297900865
579,0.0221147297900865
580,0.0221147297900865
581,0.0221147297900865
582,0.0221147297900865
583,0.0221147297900865
584,0.0221147297900865
585,0.0221147297900865
586,0.0221147297900865
587,0.0221147297900865
588,0.0221147297900865
589,0.0221147297900865
590,0.0221147297900865
591,0.0221147297900865
592,0.0221147297900865
593,0.0221147297900865
594,0.0221147297900865
595,0.0221147297900865
596,0.0221147297900865
597,0.0221147297900865
598,0.0221147297900865
599,0.0221147297900865
600,0.0221147297900865
601,0.0221147297900865
602,0.0221147297900865
603,0.0221147297900865
604,0.0250712822377106
605,0.0250712822377106
606,0.0250712822377106
607,0.0250712822377106
608,0.0250712822377106
609,0.0250712822377106
610,0.0250712822377106
611,0.0250712822377106
612,0.0250712822377106
613,0.0280278346853347
614,0.0309843871329589
615,0.0309843871329589
616,0.0309843871329589
617,0.0309843871329589
618,0.0309843871329589
619,0.0309843871329589
620,0.0309843871329589
621,0.0280278346853347
622,0.0280278346853347
623,0.0280278346853347
624,0.0280278346853347
625,0.0280278346853347
626,0.0280278346853347
627,0.0280278346853347
628,0.0280278346853347
629,0.0280278346853347
630,0.0280278346853347
631,0.0280278346853347
632,0.0280278346853347
633,0.0280278346853347
634,0.0280278346853347
635,0.0280278346853347
636,0.0309843871329589
637,0.0280278346853347
638,0.0280278346853347
639,0.0280278346853347
640,0.0280278346853347
641,0.0280278346853347
642,0.0280278346853347
643,0.0280278346853347
644,0.0280278346853347
645,0.0280278346853347
646,0.0280278346853347
647,0.0280278346853347
648,0.0280278346853347
649,0.0250712822377106
650,0.0250712822377106
651,0.0250712822377106
652,0.0250712822377106
653,0.0250712822377106
654,0.0250712822377106
655,0.0250712822377106
656,0.0250712822377106
657,0.0250712822377106
658,0.0250712822377106
659,0.0250712822377106
660,0.0250712822377106
661,0.0250712822377106
662,0.0250712822377106
663,0.0250712822377106
664,0.0250712822377106
665,0.0250712822377106
666,0.0250712822377106
667,0.0250712822377106
668,0.0250712822377106
669,0.0250712822377106
670,0.0221147297900865
671,0.0221147297900865
672,0.0221147297900865
673,0.0221147297900865
674,0.0221147297900865
675,0.0221147297900865
676,0.0221147297900865
677,0.0221147297900865
678,0.0221147297900865
679,0.0221147297900865
680,0.0221147297900865
681,0.0221147297900865
682,0.0221147297900865
683,0.0221147297900865
684,0.0221147297900865
685,0.0221147297900865
686,0.0221147297900865
687,0.0221147297900865
688,0.0221147297900865
689,0.0221147297900865
690,0.0221147297900865
691,0.0221147297900865
692,0.0221147297900865
693,0.0221147297900865
694,0.0221147297900865
695,0.0221147297900865
696,0.0221147297900865
697,0.0221147297900865
698,0.0221147297900865
699,0.0221147297900865
700,0.0221147297900865
701,0.0221147297900865
702,0.0221147297900865
703,0.0221147297900865
704,0.0221147297900865
705,0.0221147297900865
706,0.0221147297900865
707,0.0221147297900865
708,0.0221147297900865
709,0.0221147297900865
710,0.0221147297900865
711,0.0221147297900865
712,0.0221147297900865
713,0.0221147297900865
714,0.0221147297900865
715,0.0221147297900865
716,0.0221147297900865
717,0.0221147297900865
718,0.0221147297900865
719,0.0221147297900865
720,0.0221147297900865
721,0.0221147297900865
722,0.0221147297900865
723,0.0221147297900865
724,0.0221147297900865
725,0.0191581773424624
726,0.0221147297900865
727,0.0221147297900865
728,0.0250712822377106
729,0.0250712822377106
730,0.0250712822377106
731,0.0221147297900865
732,0.0221147297900865
733,0.0221147297900865
734,0.0221147297900865
735,0.0221147297900865
736,0.0221147297900865
737,0.0221147297900865
738,0.0221147297900865
739,0.0221147297900865
740,0.0221147297900865
741,0.0221147297900865
742,0.0221147297900865
743,0.0221147297900865
744,0.0250712822377106
745,0.0250712822377106
746,0.0250712822377106
747,0.0250712822377106
748,0.0250712822377106
749,0.0250712822377106
750,0.0250712822377106
751,0.0250712822377106
752,0.0250712822377106
753,0.0221147297900865
754,0.0221147297900865
755,0.0221147297900865
756,0.0221147297900865
757,0.0221147297900865
758,0.0221147297900865
759,0.0221147297900865
760,0.0221147297900865
761,0.0221147297900865
762,0.0221147297900865
763,0.0221147297900865
764,0.0221147297900865
765,0.0221147297900865
766,0.0221147297900865
767,0.0221147297900865
768,0.0221147297900865
769,0.0221147297900865
770,0.0221147297900865
771,0.0221147297900865
772,0.0221147297900865
773,0.0221147297900865
774,0.0221147297900865
775,0.0221147297900865
776,0.0221147297900865
777,0.0221147297900865
778,0.0221147297900865
779,0.0221147297900865
780,0.0221147297900865
781,0.0221147297900865
782,0.0221147297900865
783,0.0221147297900865
784,0.0221147297900865
785,0.0221147297900865
786,0.0191581773424624
787,0.0191581773424624
788,0.0221147297900865
789,0.0221147297900865
790,0.0221147297900865
791,0.0221147297900865
792,0.0221147297900865
793,0.0221147297900865
794,0.0221147297900865
795,0.0221147297900865
796,0.0221147297900865
797,0.0221147297900865
798,0.0221147297900865
799,0.0221147297900865
800,0.0221147297900865
801,0.0221147297900865
802,0.0221147297900865
803,0.0221147297900865
804,0.0221147297900865
805,0.0221147297900865
806,0.0221147297900865
807,0.0221147297900865
808,0.0191581773424624
809,0.0191581773424624
810,0.0191581773424624
811,0.0191581773424624
812,0.0191581773424624
813,0.0191581773424624
814,0.0191581773424624
815,0.0191581773424624
816,0.0191581773424624
817,0.0191581773424624
818,0.0191581773424624
819,0.0250712822377106
820,0.0250712822377106
821,0.0250712822377106
822,0.0250712822377106
823,0.0250712822377106
824,0.0250712822377106
825,0.0250712822377106
826,0.0250712822377106
827,0.0221147297900865
828,0.0221147297900865
829,0.0221147297900865
830,0.0221147297900865
831,0.0221147297900865
832,0.0221147297900865
833,0.0221147297900865
834,0.0221147297900865
835,0.0221147297900865
836,0.0221147297900865
837,0.0221147297900865
838,0.0221147297900865
839,0.0221147297900865
840,0.0221147297900865
841,0.0221147297900865
842,0.0221147297900865
843,0.0221147297900865
844,0.0221147297900865
845,0.0221147297900865
846,0.0221147297900865
847,0.0221147297900865
848,0.0221147297900865
849,0.0221147297900865
850,0.0221147297900865
851,0.0221147297900865
852,0.0221147297900865
853,0.0221147297900865
854,0.0221147297900865
855,0.0221147297900865
856,0.0221147297900865
857,0.0221147297900865
858,0.0221147297900865
859,0.0221147297900865
860,0.0221147297900865
861,0.0280278346853347
862,0.0280278346853347
863,0.0280278346853347
864,0.0280278346853347
865,0.0280278346853347
866,0.0280278346853347
867,0.0280278346853347
868,0.0280278346853347
869,0.0280278346853347
870,0.0280278346853347
871,0.0309843871329589
872,0.0428105969234553
873,0.0516802542663277
874,0.0605499116092
875,0.0664630165044482
876,0.0753326738473206
877,0.084202331190193
878,0.087158883637817
879,0.0960285409806894
880,0.101941645875938
881,0.107854750771186
882,0.113767855666434
883,0.119680960561682
884,0.128550617904555
885,0.134463722799803
886,0.137420275247427
887,0.143333380142675
888,0.149246485037924
889,0.155159589933172
890,0.158116142380796
891,0.486392686536981
892,0.506283645798495
893,0.518888391934236
894,0.537339672969497
895,0.549585243701189
896,0.56794908791463
897,0.580139181474013
898,0.598412245668772
899,0.610507092955067
900,0.620965343560222
901,0.638638715008467
902,0.658162007174772
903,0.67049978985111
904,0.68102349508013
905,0.691094154759087
906,0.701020087008096
907,0.710909320655311
908,0.72085591168839
909,0.730838383673888
910,0.740827738553711
911,0.750810622954086
912,0.760886008617388
913,0.771052208937752
914,0.773574672685925
915,0.781855639939698
916,0.791521413738176
917,0.801483980816612
918,0.803884804475959
919,0.812054150751128
920,0.821702725318664
921,0.824100602714411
922,0.842289031265457
923,0.84430224425303
924,0.852450347358683
925,0.862167731342591
926,0.864651487458239
927,0.863015718875466
928,0.865107847722965
929,0.873278231559484
930,0.875304260928437
931,0.883506766091949
932,0.885547151868831
933,0.885944690920693
934,0.893617980696764
935,0.895441970090056
936,0.903504570919962
937,0.905504749791753
938,0.905991185004445
939,0.906099743128781
940,0.913779774644184
941,0.915679313580572
942,0.91847381473112
943,0.924329631367968
944,0.925775502647618
945,0.916142692087473
946,0.916205046871734
947,0.931520014815996
948,0.935328497578812
949,0.936271911549253
950,0.946473877549917
951,0.941333488513878
952,0.943675522560195
953,0.944630373038983
954,0.945228300584925
955,0.953400310789097
956,0.955799917437438
957,0.95671278615922
958,0.957206766606722
959,0.957624725557517
960,0.958010250032051
961,0.958395021610601
962,0.968774275781307
963,0.969114614744735
964,0.969402410489058
965,0.954350046648582
966,0.917855497363521
967,0.888470299450073
968,0.86604607376176
969,0.837687138204008
970,0.80020270232155
971,0.785520149257417
972,0.758583405920892
973,0.736217200303103
974,0.707349434249811
975,0.684515393069401
976,0.66319018387744
977,0.642324428179562
978,0.621660009146713
979,0.601066210925499
980,0.580540483623669
981,0.560016574080844
982,0.52187318791406
983,0.507115169742703
984,0.488052481954158
985,0.467881298431442
986,0.462757705979891
987,0.446084279388677
988,0.434181730475485
989,0.423475188786486
990,0.405404069143893
991,0.393193997376425
992,0.382471128430507
993,0.364469598810209
994,0.352311179908662
995,0.341614836976244
996,0.331282497012674
997,0.321005874585662
998,0.310699470953594
999,0.30035994142083
1000,0.289912150221416
1001,0.27939582164343
1002,0.276580939285862
1003,0.268036603079603
1004,0.258045052265407
1005,0.247689362808498
1006,0.244869037158561
1007,0.236271171165328
1008,0.226295053356213
1009,0.216002277110255
1010,0.213284035382635
1011,0.204790485159986
1012,0.194946846692825
1013,0.200157647702459
1014,0.224439392128154
1015,0.253469266998957
1016,0.275977672143324
1017,0.296807363875297
1018,0.324907606586809
1019,0.347149123719451
1020,0.367975184177953
1021,0.388486280367544
1022,0.418852894907102
1023,0.439235484372894
1024,0.459625059770655
1025,0.480060011395337
1026,0.492883535924558
1027,0.501494923170016
1028,0.52146422768986
1029,0.534094761141944
1030,0.55256019449572
1031,0.55720643410287
1032,0.56602528567327
1033,0.583438622698065
1034,0.595356426564701
1035,0.613567850869492
1036,0.625715797041649
1037,0.63640078581591
1038,0.646717152693434
1039,0.656940622691974
1040,0.674804460466628
1041,0.686908146965168
1042,0.699912535159229
1043,0.708313790923314
1044,0.718059292518214
1045,0.718154373372151
1046,0.728302758249703
1047,0.738471084405273
1048,0.748665898224254
1049,0.758862935641924
1050,0.779032512642399
1051,0.776385957456763
1052,0.779348318604306
1053,0.788123915670179
1054,0.798331894339599
1055,0.808902590528026
1056,0.811904285102848
1057,0.82063056953595
1058,0.830734962543436
1059,0.833550793475871
1060,0.84219665567301
1061,0.844642617541325
1062,0.855535437523473
1063,0.856011076431368
1064,0.863992615702397
1065,0.873844476455693
1066,0.874207597881872
1067,0.876986549319542
1068,0.885561177833921
1069,0.887910908872238
1070,0.888720855170011
1071,0.898899438467145
1072,0.901141741531757
1073,0.909023679093915
1074,0.910677811915406
1075,0.910767631545696
1076,0.91813350256534
1077,0.919735909003896
1078,0.919988356188091
1079,0.927584695481711
1080,0.929401310089513
1081,0.92976189874889
1082,0.912143731145306
1083,0.917810866261589
1084,0.919154991036316
1085,0.919384951872972
1086,0.926999058272992
1087,0.936475119348949
1088,0.93874251139553
1089,0.939220762053245
1090,0.93925506455937
1091,0.946866801408456
1092,0.948736634218728
1093,0.949193174327384
1094,0.933970592448563
1095,0.90718175265907
1096,0.877507709587672
1097,0.8470824040785
1098,0.816429002300845
1099,0.793348575600138
1100,0.764398173498792
1101,0.741603632868551
1102,0.720399989983632
1103,0.699607700932998
1104,0.678897880322501
1105,0.658205081882965
1106,0.637478152485741
1107,0.616755801321368
1108,0.596092955932094
1109,0.575469215141793
1110,0.554851657513074
1111,0.534228748398648
1112,0.513700437603715
1113,0.500922522701529
1114,0.482408753779147
1115,0.470129558551197
1116,0.451697827207981
1117,0.439341437117732
1118,0.420866121999312
1119,0.408519199209895
1120,0.397746441649823
1121,0.37973888236453
1122,0.377522846962674
1123,0.366807731481304
1124,0.356467689850145
1125,0.346265216720756
1126,0.336136857622361
1127,0.316048741422131
1128,0.30588751154509
1129,0.295693647400171
1130,0.285492552098637
1131,0.275341864849298
1132,0.265153752943562
1133,0.254854760557002
1134,0.244552099268435
1135,0.264889864687891
1136,0.285233006771276
1137,0.305629526179318
1138,0.333692645187493
1139,0.356002571003025
1140,0.376884738301352
1141,0.397405080840301
1142,0.420174818916362
1143,0.438673816005938
1144,0.458603250094836
1145,0.461241144582404
1146,0.479688068616848
1147,0.50724710568902
1148,0.521783119138823
1149,0.540723993677985
1150,0.563076905304771
1151,0.56864186431911
1152,0.581313511696227
1153,0.600173997677508
1154,0.612896237412258
1155,0.624096976467642
1156,0.634923735413897
1157,0.653259987845428
1158,0.665762455042337
1159,0.676843645653029
1160,0.687548677800284
1161,0.698172607392742
1162,0.711104497048152
1163,0.719756475819074
1164,0.729774261951867
1165,0.747796050447359
1166,0.75020038894537
1167,0.761152701306165
1168,0.764102744786668
1169,0.77271479943424
1170,0.775088349995305
1171,0.793319355974772
1172,0.797570389063015
1173,0.805953778217771
1174,0.815391848704757
1175,0.817421738086112
1176,0.825271387502963
1177,0.834658039313517
1178,0.83685291321533
1179,0.844935932850174
1180,0.846874669235125
1181,0.854930616274754
1182,0.839234207911301
1183,0.845378738089948
1184,0.846844637193035
1185,0.85476713234001
1186,0.864298309113524
1187,0.874253285348384
1188,0.876643390825455
1189,0.884814419063116
1190,0.886767642893324
1191,0.887196972424626
1192,0.894939767588442
1193,0.896864368679852
1194,0.897330897020154
1195,0.905099802084709
1196,0.907018539442467
1197,0.907450990691281
1198,0.91512677033379
1199,0.916919802112116
1200,0.917149780804813
1201,0.924603175725697
1202,0.933919220002783
1203,0.936051497686639
1204,0.936372944367026
1205,0.943899423471303
1206,0.945522736230563
1207,0.945687462740783
1208,0.945546687197819
1209,0.945353742310023
1210,0.952804138041517
1211,0.954492088333427
1212,0.954839360207399
1213,0.954916880210319
1214,0.954922943044469
1215,0.954921905358908
1216,0.962523478172786
1217,0.964307447993808
1218,0.964673766631458
1219,0.964671735136494
1220,0.964628042987117
1221,0.964609054372113
1222,0.982184983478534
1223,0.984056882166141
1224,0.984505669557505
1225,0.984641254077407
1226,0.984743452475236
1227,0.97485896151835
1228,0.974887056056915
1229,0.951905673159486
1230,0.92318542225779
1231,0.893092255366917
1232,0.862602254805899
1233,0.831917105928515
1234,0.801202588765915
1235,0.778136668088874
1236,0.749353832646088
1237,0.726861545618928
1238,0.705924007594838
1239,0.677716506601273
1240,0.655363082970371
1241,0.634463176225461
1242,0.616265101500718
1243,0.593911292815178
1244,0.573015778742177
1245,0.542501142921777
1246,0.529700094202428
1247,0.518827798111545
1248,0.500805865236619
1249,0.488653828248193
1250,0.480277200001612
1251,0.447548476366367
1252,0.435353648332687
1253,0.425039696773253
1254,0.407514775843659
1255,0.395857992224929
1256,0.385674088623544
1257,0.368135452701573
1258,0.356379973836877
1259,0.346102916019484
1260,0.336167504259559
1261,0.326335110774994
1262,0.31885129126213
1263,0.307104606305507
1264,0.296721886638113
1265,0.294346338526631
1266,0.276355329688207
1267,0.266912049756239
1268,0.25712607805011
1269,0.247252784552149
1270,0.237366448785671
1271,0.237226193710989
1272,0.229253129774858
1273,0.21927504607561
1274,0.216485662934137
1275,0.207821739544614
1276,0.197691500060172
1277,0.194946269316177
1278,0.186471678753875
1279,0.176581441895948
1280,0.189373041563434
1281,0.215465862097343
1282,0.219599077600849
1283,0.246010891711535
1284,0.267859454745467
1285,0.296192773390826
1286,0.326137703997283
1287,0.348849438024923
1288,0.369749828134555
1289,0.390201364861537
1290,0.410547847942588
1291,0.430887569543038
1292,0.451258679640695
1293,0.471659854378003
1294,0.48439903120649
1295,0.502891919284024
1296,0.522814443223756
1297,0.535398584692983
1298,0.55376758296851
1299,0.565893421740386
1300,0.576365139386355
1301,0.586375027941668
1302,0.611656244673023
1303,0.625432558550346
1304,0.636321995963119
1305,0.646485658968937
1306,0.664093068145242
1307,0.675906981532014
1308,0.686334474732711
1309,0.696432690123814
1310,0.706450381283132
1311,0.71644399465681
1312,0.72652595458542
1313,0.736693922449782
1314,0.746878900035545
1315,0.757081144967464
1316,0.759564640514135
1317,0.767740569765849
1318,0.777363971022435
1319,0.779670044475271
1320,0.787867527101087
1321,0.797565862001356
1322,0.817562312966037
1323,0.820044303525481
1324,0.828308571594204
1325,0.830394942810853
1326,0.838648774389078
1327,0.838458813883003
1328,0.840903184780906
1329,0.849175465944161
1330,0.851226476757328
1331,0.859445477057607
1332,0.861488643669281
1333,0.869553448331791
1334,0.871475072020183
1335,0.87952404127959
1336,0.881477305025491
1337,0.881960565622001
1338,0.889730322459681
1339,0.891657999565012
1340,0.892131727554257
1341,0.899898446384976
1342,0.904161516784501
1343,0.902723547804783
1344,0.910017206699675
1345,0.9018467220372
1346,0.90226564774307
1347,0.917663318293953
1348,0.921505661896729
1349,0.922456042599884
1350,0.932661010818751
1351,0.927541488133231
1352,0.929876443444191
1353,0.930836742980202
1354,0.939099642523045
1355,0.933858884800885
1356,0.940586596230297
1357,0.94257998448613
1358,0.94334091179223
1359,0.94383504332012
1360,0.944243435809699
1361,0.952303448907115
1362,0.956927481616309
1363,0.955853338097518
1364,0.955778881323211
1365,0.963623985083381
1366,0.963492749298156
1367,0.96614926426981
1368,0.967029489676834
1369,0.967464863541044
1370,0.960137719923949
1371,0.968282885695747
1372,0.977686938344116
1373,0.979690122134094
1374,0.979871972888879
1375,0.97960198638127
1376,0.979213555327758
1377,0.978881052952383
1378,0.978660883341951
1379,0.978474905704321
1380,0.986008086149047
1381,0.987795155374009
1382,0.970547027443988
1383,0.968630517758341
1384,0.968089077077343
1385,0.967849877647166
1386,0.97534567547614
1387,0.977132061321554
1388,0.977488360508351
1389,0.977490808722227
1390,0.977412110549533
1391,0.984993098640192
1392,0.986856283025822
1393,0.987316862974599
1394,0.987420781124764
1395,0.987435877783107
1396,0.987423263167298
1397,0.987376701169653
1398,0.987269818287109
1399,0.964143287018619
1400,0.935185560751873
1401,0.904722698631917
1402,0.881607618783726
1403,0.852677846051596
1404,0.822282925519941
1405,0.799171887457327
1406,0.770184005217202
1407,0.747404449327992
1408,0.718566589299281
1409,0.695900517408398
1410,0.674769720746744
1411,0.654023008824431
1412,0.625801623916407
1413,0.603446961472804
1414,0.590205838344156
1415,0.571594371367949
1416,0.551578895185066
1417,0.53116905035487
1418,0.51069354865561
1419,0.497841626774261
1420,0.479284074742674
1421,0.467001058473754
1422,0.458538922933857
1423,0.446278153120215
1424,0.427894752447894
1425,0.415685013222519
1426,0.405060714760171
1427,0.377196787011003
1428,0.365087941899037
1429,0.354418988373584
1430,0.344098552960234
1431,0.333922970391501
1432,0.323728881053885
1433,0.313430537178871
1434,0.303128154839758
1435,0.292812709424072
1436,0.28254457195677
1437,0.272329088164512
1438,0.262119876551395
1439,0.251917760635209
1440,0.272359447114862
1441,0.292773910637583
1442,0.323178112400222
1443,0.343586863225417
1444,0.363992752826511
1445,0.374423498546485
1446,0.394807966695245
1447,0.422844148325407
1448,0.445167887659981
1449,0.458393325667567
1450,0.486983439863362
1451,0.49411760818012
1452,0.507174647719471
1453,0.526132537566228
1454,0.546546261607312
1455,0.55966424918494
1456,0.578631168216528
1457,0.591342476538212
1458,0.602441112191954
1459,0.613177785280055
1460,0.631467485567935
1461,0.643985143792229
1462,0.657386432744273
1463,0.666166610203535
1464,0.676213105163413
1465,0.694243737832718
1466,0.696657729420099
1467,0.707612644957522
1468,0.718226225402628
1469,0.728752126690824
1470,0.73160620053453
1471,0.749951734020091
1472,0.754238931461262
1473,0.762632650574163
1474,0.772071698297423
1475,0.781772924348661
1476,0.78387323434058
1477,0.791824625140338
1478,0.793672416336943
1479,0.801657828765185
1480,0.811228882890731
1481,0.813528402625558
1482,0.804076018967899
1483,0.811761891760493
1484,0.81361626026252
1485,0.821639591146271
1486,0.831193006934258
1487,0.841158969949126
1488,0.843554335734315
1489,0.851730244092688
1490,0.853691083885461
1491,0.861780804158667
1492,0.863772009024029
1493,0.86426962161054
1494,0.864387628174552
1495,0.87206624286236
1496,0.873965883731821
1497,0.874398078294862
1498,0.882072857761609
1499,0.883876685227894
1500,0.891774090471607
1501,0.893481692890764
1502,0.901361781110338
1503,0.910802237709702
1504,0.912948897685255
1505,0.913268799337105
1506,0.92076191763926
1507,0.922389570999588
1508,0.922617470765367
1509,0.922512104076084
1510,0.92998168542451
1511,0.931680367804134
1512,0.932032106594271
1513,0.932113922045126
1514,0.939778613753519
1515,0.94169475273302
1516,0.942111324644996
1517,0.942109158133689
1518,0.94203487866345
1519,0.949580355506917
1520,0.951432230674438
1521,0.951885696153587
1522,0.96191321480676
1523,0.96191249065393
1524,0.961899534498748
1525,0.969579891125119
1526,0.956244706701801
1527,0.920041461838096
1528,0.890522157398238
1529,0.867843359871295
1530,0.83920439481757
1531,0.80913571781279
1532,0.778653937795471
1533,0.755635066182978
1534,0.734495907841528
1535,0.706150681271461
1536,0.683725389700182
1537,0.662811674631143
1538,0.642270529445899
1539,0.6218279371631
1540,0.601406162178098
1541,0.580988036491624
1542,0.562907757287835
1543,0.540590744256363
1544,0.519704349454937
1545,0.496863400760442
1546,0.478310596156551
1547,0.465998551119922
1548,0.455286525456097
1549,0.437300124359127
1550,0.4351273758077
1551,0.411620217735029
1552,0.394057367748702
1553,0.382406156869097
1554,0.372212540838505
1555,0.362386462000964
1556,0.344993517729417
1557,0.333330089611203
1558,0.323035434749487
1559,0.313126912291677
1560,0.303293516390467
1561,0.293485699553004
1562,0.286010190273243
1563,0.274273829187643
1564,0.263889922215335
1565,0.261515231463631
1566,0.251191545171093
1567,0.243658847330724
1568,0.234349176339215
1569,0.22459921151565
1570,0.214746933821858
1571,0.214611969710432
1572,0.229622943938626
1573,0.248357037554228
1574,0.268041499227215
1575,0.295627194749033
1576,0.317512665710155
1577,0.338061591459164
1578,0.358380914692728
1579,0.386293604248221
1580,0.408500384086282
1581,0.421615279238191
1582,0.422527997038995
1583,0.440461875233357
1584,0.460195845437405
1585,0.480339939804861
1586,0.500582220747306
1587,0.520875287161801
1588,0.533511909817981
1589,0.551904193643993
1590,0.564080527844168
1591,0.574717107661164
1592,0.592669703919336
1593,0.604810612698268
1594,0.615497688251786
1595,0.63347050487144
1596,0.645601496385642
1597,0.656248144308252
1598,0.666470639858313
1599,0.676577207762038
1600,0.686543469981383
1601,0.696431887244364
1602,0.714012955815126
1603,0.725874086958006
1604,0.736289212091469
1605,0.746336107854342
1606,0.756247198010499
1607,0.758479287417686
1608,0.766521176920748
1609,0.776028844976072
1610,0.778232364741428
1611,0.786282748480544
1612,0.795880649910261
1613,0.805932136813251
1614,0.808421831097748
1615,0.816709556052102
1616,0.818719260146724
1617,0.826776635255202
1618,0.836373404329098
1619,0.838669126707957
1620,0.846876115053436
1621,0.84891577356074
1622,0.86699830075055
1623,0.869009461856258
1624,0.877159848350848
1625,0.879216811166427
1626,0.879804817226992
1627,0.877719777297819
1628,0.879686585170584
1629,0.887832373838006
1630,0.889860823078902
1631,0.890416305254134
1632,0.89820490201412
1633,0.900044233180855
1634,0.900418897998413
1635,0.908076269540321
1636,0.909938124718318
1637,0.910397267043301
1638,0.918160283799366
1639,0.920088890094762
1640,0.92055924439657
1641,0.920664294029091
1642,0.930674546486547
1643,0.93067520792676
1644,0.930665894412627
1645,0.920683303522325
1646,0.928311383516826
1647,0.937834734204755
1648,0.940218144698025
1649,0.940811014877605
1650,0.950920620595775
1651,0.938130440277369
1652,0.94621781844201
1653,0.948610619875388
1654,0.949569140417894
1655,0.950177017264009
1656,0.950696071400183
1657,0.951147221618163
1658,0.959183285271481
1659,0.961497088541204
1660,0.962358457037274
1661,0.96286453239512
1662,0.965612248023945
1663,0.964075519747312
1664,0.963883823513752
1665,0.979357893521282
1666,0.973472148118478
1667,0.974697269870714
1668,0.967557958568752
1669,0.943020693145594
1670,0.906489478545703
1671,0.884372310882489
1672,0.855592595071421
1673,0.832759086602519
1674,0.803773652775982
1675,0.780920742063876
1676,0.751925933974632
1677,0.729146868675392
1678,0.700360744265779
1679,0.677726779757897
1680,0.65669196719089
1681,0.636047707834312
1682,0.597905795750787
1683,0.575458484108182
1684,0.554485027366649
1685,0.533841339128109
1686,0.520936698202313
1687,0.509985302213464
1688,0.491859008564404
1689,0.471942824399622
1690,0.459251468829848
1691,0.440714383916288
1692,0.42841581201399
1693,0.410040711703968
1694,0.397802845194456
1695,0.387085695918027
1696,0.376748735530079
1697,0.35882226145401
1698,0.346607822078365
1699,0.335804629027726
1700,0.325247065912179
1701,0.314703153649622
1702,0.311878044977279
1703,0.303338175569085
1704,0.29335780609028
1705,0.283005626869718
1706,0.272519482361815
1707,0.26201966192329
1708,0.251571820413292
1709,0.241160987434242
1710,0.238407784935977
1711,0.229909467221755
1712,0.220073232991911
1713,0.209966978542995
1714,0.207443757951089
1715,0.199172157924516
1716,0.189403123912075
1717,0.186872883780123
1718,0.178522481067412
1719,0.168694381675403
1720,0.16622835752823
1721,0.165619968055895
1722,0.198372011774407
1723,0.227031982608938
1724,0.249493099145797
1725,0.278108818733051
1726,0.300649063102312
1727,0.311702892071803
1728,0.332272698071038
1729,0.360382572534944
1730,0.382717107157461
1731,0.403662446292173
1732,0.416541388537618
1733,0.434976366395986
1734,0.454815427909637
1735,0.474989539040934
1736,0.49529973359487
1737,0.508024055131695
1738,0.526511265128921
1739,0.538778106722592
1740,0.55715193911673
1741,0.569385314641368
1742,0.582421524363979
1743,0.598504739570992
1744,0.610169324450292
1745,0.610766590530063
1746,0.621029627304518
1747,0.64653447890717
1748,0.660565257465042
1749,0.671721237455558
1750,0.692125714272346
1751,0.689571463878867
1752,0.700208817874029
1753,0.710905183998239
1754,0.721595146067048
1755,0.73229491763325
1756,0.742990505128404
1757,0.745983905941115
1758,0.754652488999149
1759,0.764791307071482
1760,0.775266701951545
1761,0.778172084255066
1762,0.78918039317349
1763,0.797366649775492
1764,0.799600680225082
1765,0.815678072041532
1766,0.809950635909118
1767,0.818878740719429
1768,0.82898183465815
1769,0.831729300899555
1770,0.832646740813063
1771,0.842839204922035
1772,0.852758197759306
1773,0.854886735770594
1774,0.862767585482513
1775,0.864421517929764
1776,0.872176124036973
1777,0.873871347259957
1778,0.874167868366679
1779,0.88175920155435
1780,0.883574971575933
1781,0.891603350899871
1782,0.875929020475382
1783,0.874394113268598
1784,0.881608877584215
1785,0.883306534265035
1786,0.891283762839831
1787,0.885531205353097
1788,0.884017444067323
1789,0.891217205158675
1790,0.885278955915408
1791,0.860757633420953
1792,0.854620090490896
1793,0.860756540037398
1794,0.862282673683867
1795,0.870306927436489
1796,0.872294262590873
1797,0.872757153202929
1798,0.872774998234284
1799,0.880333061051359
1800,0.88200667863257
1801,0.88982365049529
1802,0.899232304494916
1803,0.901394741918568
1804,0.909391465044081
1805,0.911173833184746
1806,0.911360800004203
1807,0.911172147861947
1808,0.918605300798027
1809,0.920304234077158
1810,0.920555100048961
1811,0.928117503283825
1812,0.929932267476434
1813,0.930382464734844
1814,0.930478090412502
1815,0.938170625669851
1816,0.940030476354893
1817,0.940383554911253
1818,0.940405091258396
1819,0.94031075879851
1820,0.94792057556148
1821,0.949809337068993
1822,0.960183608417494
1823,0.960278042348962
1824,0.960287535920813
1825,0.960315052271602
1826,0.968061469946926
1827,0.960103509469521
1828,0.960600301554532
1829,0.960715754046533
1830,0.960745445438351
1831,0.960803285236246
1832,0.960810175909602
1833,0.968367713614336
1834,0.970167486011141
1835,0.970517801329355
1836,0.970559775116082
1837,0.947584448273071
1838,0.918867811009242
1839,0.888724853740686
1840,0.85822114557041
1841,0.827626429494223
1842,0.799346235425258
1843,0.774487396925797
1844,0.745303217695462
1845,0.712742421720488
1846,0.691754610417185
1847,0.671167641174265
1848,0.650732823880916
1849,0.630316860486942
1850,0.619873055212386
1851,0.586654391048192
1852,0.566669592026649
1853,0.546753085314291
1854,0.534498141867516
1855,0.516499359367926
1856,0.497067740406789
1857,0.484895632652673
1858,0.466806808250428
1859,0.447302937882875
1860,0.435072443299042
1861,0.424668379947433
1862,0.409380160550937
1863,0.39569873426825
1864,0.384832736388411
1865,0.374665264879674
1866,0.354748847799626
1867,0.344821263667152
1868,0.334914135652092
1869,0.325026233020257
1870,0.30747757576486
1871,0.305408374240702
1872,0.296966930983512
1873,0.286872299471879
1874,0.276391276488638
1875,0.265821731745247
1876,0.255214741403669
1877,0.244684463895601
1878,0.241944082946525
1879,0.233468681176945
1880,0.223628808490204
1881,0.21344294540853
1882,0.193242809064295
1883,0.182926782811883
1884,0.172643571782103
1885,0.169989849306377
1886,0.169231821688196
1887,0.161316655133945
1888,0.159276513857319
1889,0.151031217102465
1890,0.148918269497097
1891,0.140689251171218
1892,0.138616495773094
1893,0.130453639890554
1894,0.128428131931861
1895,0.120258903653747
1896,0.118220621041069
1897,0.133012481720622
1898,0.159593779363416
1899,0.181441873461883
1900,0.209672451340904
1901,0.231775059627259
1902,0.26773459525926
1903,0.291846551296936
1904,0.312982132511359
1905,0.341030547099285
1906,0.36309617434689
1907,0.383687028914233
1908,0.403965712515868
1909,0.424196005082217
1910,0.444394037365271
1911,0.456933601396934
1912,0.475317908900385
1913,0.495228127603652
1914,0.507838477816588
1915,0.526314980201796
1916,0.538530594629879
1917,0.556784199955692
1918,0.568933463138011
1919,0.587187978704135
1920,0.599374595500276
1921,0.610071022789833
1922,0.630303803500136
1923,0.648185875675702
1924,0.660291303537656
1925,0.671000900209528
1926,0.68141222880657
1927,0.681784445118929
1928,0.692022283608531
1929,0.702229993700311
1930,0.712439251395008
1931,0.722698234145094
1932,0.732911508993246
1933,0.743014488145248
1934,0.753116219418312
1935,0.755536888912737
1936,0.763758398331607
1937,0.773473905002822
1938,0.783547621888326
1939,0.786055923418665
1940,0.79433527288296
1941,0.804048789109138
1942,0.808793075375412
1943,0.815147495985086
1944,0.824384309548374
1945,0.8167172916566
1946,0.824912764295508
1947,0.834578071170963
1948,0.844661581512327
1949,0.847169636507794
1950,0.865414392310045
1951,0.85466859924968
1952,0.86325834123021
1953,0.865779840071931
1954,0.874431183186046
1955,0.876959946542011
1956,0.877960097374219
1957,0.886193422520273
1958,0.888508939532425
1959,0.88940273422291
1960,0.897568270220906
1961,0.899900689336777
1962,0.903104030765188
1963,0.909341716409886
1964,0.911092340478706
1965,0.919384422939447
1966,0.919381228197543
1967,0.922066270290184
1968,0.922956930111631
1969,0.923409341725326
1970,0.92375392453033
1971,0.933789281858811
1972,0.936019856382499
1973,0.936233880195205
1974,0.943635668052078
1975,0.94517123471173
1976,0.945234094956736
1977,0.945018246608713
1978,0.944838948165428
1979,0.952310909916194
1980,0.954098319985495
1981,0.954457583858551
1982,0.93687989568661
1983,0.934861866433633
1984,0.934296085237921
1985,0.934053842010624
1986,0.94154294863876
1987,0.950994254983098
1988,0.95326963469944
1989,0.953750138921796
1990,0.953798836894529
1991,0.953756125913091
1992,0.953712904911333
1993,0.953705782125246
1994,0.961357281149118
1995,0.963252137604961
1996,0.963706037566869
1997,0.963784721454004
1998,0.963700812553643
1999,0.96357443440862
2000,0.96333206790728
2001,0.963008270535312
2002,0.97038363464209
2003,0.972046162588728
2004,0.972254517417733
2005,0.972095257779116
2006,0.979462644260638
2007,0.981061312876719
2008,0.981277571819804
2009,0.981178931489205
2010,0.965661513335998
2011,0.938653065293173
2012,0.908871151131564
2013,0.878468912203428
2014,0.847895024304164
2015,0.824958838261131
2016,0.796211940694281
2017,0.765950098382728
2018,0.743025541494817
2019,0.721891282504765
2020,0.693622253162057
2021,0.671254295629325
2022,0.660260181328973
2023,0.639721554733562
2024,0.619272403691003
2025,0.598886422971403
2026,0.578570995039125
2027,0.548306282481202
2028,0.527930061242322
2029,0.515187551222679
2030,0.496701872598579
2031,0.476829512595221
2032,0.464219081888919
2033,0.445654913834244
2034,0.433298632803875
2035,0.414806142826676
2036,0.402498979918281
2037,0.39178551099792
2038,0.373790501750675
2039,0.361651191859607
2040,0.350967247042437
2041,0.340638185272413
2042,0.332735468319373
2043,0.320627023466885
2044,0.309946370689112
2045,0.289667245624528
2046,0.279405738401835
2047,0.276816337079473
2048,0.268533750009219
2049,0.258814935039034
2050,0.25869964616214
2051,0.251052173397691
2052,0.275739208519494
2053,0.2976040012146
2054,0.318746638221965
2055,0.347377147372978
2056,0.370212120214846
2057,0.391554043711748
2058,0.412466469420972
2059,0.43332618628094
2060,0.446471009723056
2061,0.465373457901251
2062,0.488033829657332
2063,0.499126878022943
2064,0.517415676031231
2065,0.545154806154759
2066,0.550006678247119
2067,0.569229892897532
2068,0.581906354606472
2069,0.59296203899616
2070,0.60361490949611
2071,0.623882431858067
2072,0.636330398910359
2073,0.646756532366377
2074,0.656708953259407
2075,0.666544000196949
2076,0.676340476788167
2077,0.693875447416036
2078,0.705784662039015
2079,0.708611358148373
2080,0.71690649088971
2081,0.726552134380157
2082,0.718957358026563
2083,0.727087349287067
2084,0.736714102251823
2085,0.74667561353875
2086,0.756711560984397
2087,0.766797680476693
2088,0.776896267100063
2089,0.786990183165333
2090,0.789432824933481
2091,0.797647217592914
2092,0.799664603314876
2093,0.807833802889039
2094,0.817523709040189
2095,0.819932931287377
2096,0.828175469853442
2097,0.830197771638167
2098,0.838263247879221
2099,0.840170160820324
2100,0.848094379289995
2101,0.849810505356246
2102,0.865354494829582
2103,0.869056209872696
2104,0.87743512983232
2105,0.879314051807306
2106,0.879528960061416
2107,0.887008248206454
2108,0.888692169483825
2109,0.896623687121536
2110,0.898430948566637
2111,0.898725237164374
2112,0.906393140818255
2113,0.908303541972787
2114,0.901106068387745
2115,0.899311716227084
2116,0.906478113152761
2117,0.908146968495573
2118,0.908495098490074
2119,0.916141785112262
2120,0.918025905657361
2121,0.918489215936788
2122,0.928499731809549
2123,0.936175556808393
2124,0.938074844977833
2125,0.938574909259204
2126,0.938780722911321
2127,0.936608719374153
2128,0.938546795316996
2129,0.931358181334217
2130,0.921912418729066
2131,0.904292409977946
2132,0.87691998187712
2133,0.869989930575919
2134,0.868185943255722
2135,0.867641721958235
2136,0.87511791828472
2137,0.861667942161328
2138,0.835325734018266
2139,0.805777450573567
2140,0.783085010135345
2141,0.754438734149717
2142,0.734303862484926
2143,0.711479280471441
2144,0.705784493975342
2145,0.702065255203907
2146,0.711240774376171
2147,0.728810794159767
2148,0.740865732710881
2149,0.743869767922154
2150,0.762239171282951
2151,0.75919111421611
2152,0.769688840209599
2153,0.757369921496719
2154,0.73168514997413
2155,0.710335543098695
2156,0.690068868383329
2157,0.670025630989892
2158,0.649976096420324
2159,0.6299798585655
2160,0.609962853384208
2161,0.589955640212025
2162,0.579935019349976
2163,0.559903843023738
2164,0.539792023841378
2165,0.527316952514534
2166,0.506829163601084
2167,0.489095790510253
2168,0.469583682723998
2169,0.457298651209519
2170,0.431493236954218
2171,0.427356425739883
2172,0.418404161831545
2173,0.400522473818977
2174,0.388103136898727
2175,0.377043708334964
2176,0.366319184849562
2177,0.348099225563583
2178,0.33578578139387
2179,0.324920606170323
2180,0.31448996306378
2181,0.304151476903326
2182,0.276268838024964
2183,0.264022365128186
2184,0.253259397627218
2185,0.24282348964653
2186,0.240123154104981
2187,0.239385164534192
2188,0.23147122169601
2189,0.221766183297422
2190,0.21162202379527
2191,0.209046531684081
2192,0.200727528268003
2193,0.191005256888505
2194,0.180922046354302
2195,0.178417023285806
2196,0.170125200719412
2197,0.168035551173233
2198,0.159764380610022
2199,0.157613874628443
2200,0.149212837248219
2201,0.139211990460929
2202,0.144182770040431
2203,0.137605384511631
2204,0.135769553374669
2205,0.135115381674024
2206,0.127050427143588
2207,0.124817882002902
2208,0.116431464803498
2209,0.114200430298212
2210,0.105827871065373
2211,0.103594735955746
2212,0.102980148082751
2213,0.0951869856227584
2214,0.0932456430923288
2215,0.0927721353664285
2216,0.0849597025550653
2217,0.0829013785075668
2218,0.0823307291325727
2219,0.0744385617925437
2220,0.0801264217007179
2221,0.104528769375758
2222,0.143498812601201
2223,0.166065116939216
2224,0.194674255762122
2225,0.224826085105455
2226,0.247753496893347
2227,0.258915754815206
2228,0.28716692586794
2229,0.309526711395272
2230,0.330438547732069
2231,0.351036543381903
2232,0.371501291885148
2233,0.39180962684272
2234,0.412118284719131
2235,0.43241475520542
2236,0.452749922154108
2237,0.473157128697678
2238,0.485903270825375
2239,0.504404371180702
2240,0.524331371386402
2241,0.536953702608863
2242,0.557749016057897
2243,0.568107262565298
2244,0.578340977437263
2245,0.586253233676013
2246,0.598328639139253
2247,0.616618337392212
2248,0.628855495672457
2249,0.647231556959231
2250,0.669427264132592
2251,0.667341891404995
2252,0.678077341665305
2253,0.688802617874803
2254,0.699508903030255
2255,0.71020933417311
2256,0.720911054057093
2257,0.73156387880156
2258,0.742147110048221
2259,0.745104697179521
2260,0.75378746083704
2261,0.763911725387313
2262,0.776716294796704
2263,0.785354100738504
2264,0.787704695077414
2265,0.803803030751051
2266,0.805755054302644
2267,0.808932205322152
2268,0.817605493796787
2269,0.819998512029163
2270,0.820829871140655
2271,0.83864360920022
2272,0.842814974434026
2273,0.851180580984189
2274,0.852955166046156
2275,0.860748931564895
2276,0.862373697392025
2277,0.862548920569462
2278,0.870128974389926
2279,0.871876347809025
2280,0.879898807354033
2281,0.881811258764674
2282,0.864640409339364
2283,0.870368901561009
2284,0.871739254732823
2285,0.879638493789152
2286,0.889154275634171
2287,0.891453318296223
2288,0.891946030112906
2289,0.869008918125053
2290,0.840234242346473
2291,0.810025779308142
2292,0.787151640850554
2293,0.758470265750894
2294,0.735995502042564
2295,0.70741117509981
2296,0.684950092173788
2297,0.664001708963498
2298,0.643364062332155
2299,0.615139476403158
2300,0.592579167771413
2301,0.571387802680813
2302,0.565899071232849
2303,0.549048654009125
2304,0.529327153437692
2305,0.508888574057015
2306,0.495886313631698
2307,0.477095891302495
2308,0.464581364212309
2309,0.445991887079472
2310,0.433538749487987
2311,0.414961830780755
2312,0.402608501085481
2313,0.391886948483708
2314,0.373889548032704
2315,0.361749522821104
2316,0.351027212530169
2317,0.340578139517184
2318,0.330249367971272
2319,0.31992579437089
2320,0.309680331781785
2321,0.299460157261078
2322,0.299156041631286
2323,0.288952316366329
2324,0.278749734865538
2325,0.268588181033524
2326,0.258485933956684
2327,0.238438076284303
2328,0.228265722151278
2329,0.225733271666344
2330,0.217459550648671
2331,0.207804547890383
2332,0.197750650197159
2333,0.195134787930691
2334,0.194412423421932
2335,0.217130649470808
2336,0.238072792282568
2337,0.266294830402717
2338,0.288654126784041
2339,0.309550423671098
2340,0.330079608078716
2341,0.358177295104275
2342,0.382830528157742
2343,0.401815889260728
2344,0.421860221496723
2345,0.424563056550027
2346,0.443001748836956
2347,0.470536068644726
2348,0.485083702558401
2349,0.50403388630768
2350,0.534036690333038
2351,0.533905379031407
2352,0.552784489022651
2353,0.565544003970824
2354,0.576756776520022
2355,0.595248081328577
2356,0.60789096433531
2357,0.619029418959612
2358,0.637398182754474
2359,0.649957542720059
2360,0.661036077757358
2361,0.671756106736167
2362,0.684709972961961
2363,0.693389988082847
2364,0.703411843071642
2365,0.721422613391365
2366,0.723853653294989
2367,0.734811402281569
2368,0.745423785834863
2369,0.755955570991794
2370,0.751156708169341
2371,0.767564046900387
2372,0.779052116403512
2373,0.78923887385703
2374,0.791472514880334
2375,0.799377710028538
2376,0.801035277701702
2377,0.808880234628108
2378,0.818370963532378
2379,0.820594377650919
2380,0.828737261593231
2381,0.830682092391692
2382,0.821187595179804
2383,0.828821900229954
2384,0.83066904777069
2385,0.838686186657723
2386,0.848234128224089
2387,0.858201376655518
2388,0.860608853693329
2389,0.861133466491155
2390,0.86885141820177
2391,0.870716634922208
2392,0.878817097645168
2393,0.880836703483335
2394,0.881328581387551
2395,0.889111264344978
2396,0.891030675429318
2397,0.891476002047353
2398,0.89148760859575
2399,0.899048785073149
2400,0.900722694984738
2401,0.900887103655549
2402,0.908372625943367
2403,0.917734369320024
2404,0.919861798665641
2405,0.920183779868367
2406,0.927668474685332
2407,0.921639607060821
2408,0.927618132063654
2409,0.928955546951883
2410,0.929118161816534
2411,0.929000300153718
2412,0.936559093098341
2413,0.938454975826804
2414,0.938916595870609
2415,0.939035302962855
2416,0.939017302383677
2417,0.946550423895357
2418,0.940692213645453
2419,0.916153565936387
2420,0.887035943388133
2421,0.856785650676551
2422,0.836155665073013
2423,0.813220296470187
2424,0.784516420240412
2425,0.762073503024275
2426,0.733585144220592
2427,0.701290081678356
2428,0.680393372676306
2429,0.659861637627431
2430,0.631776513926863
2431,0.609515373800266
2432,0.588656142396913
2433,0.56801681994116
2434,0.555136267958287
2435,0.536514705011813
2436,0.516505835182746
2437,0.49621441524618
2438,0.483502250785857
2439,0.465011677269092
2440,0.452741410955714
2441,0.434359641180632
2442,0.424447594217876
2443,0.404178087480327
2444,0.391457809929353
2445,0.370678967389588
2446,0.36028161067835
2447,0.349987222298082
2448,0.339791243741329
2449,0.329595036387134
2450,0.329350370501568
2451,0.306373042013027
2452,0.29657630691493
2453,0.286873812559786
2454,0.277170041245064
2455,0.267472893915163
2456,0.257773747762195
2457,0.248031589758046
2458,0.261200030031171
2459,0.287788520794091
2460,0.310032507060801
2461,0.331198796345335
2462,0.354423843701883
2463,0.380990571996326
2464,0.395472706408691
2465,0.422260749356599
2466,0.434545800057405
2467,0.455624754779704
2468,0.476422013729458
2469,0.49715681325996
2470,0.502571616214929
2471,0.529181034784425
2472,0.54321943270746
2473,0.561703636309691
2474,0.573671180713415
2475,0.591667254388325
2476,0.603502507026066
2477,0.613885823959506
2478,0.624011945510716
2479,0.641721545582261
2480,0.653723189375769
2481,0.664294360260646
2482,0.65695546730978
2483,0.665127921077192
2484,0.674770992829089
2485,0.684732209956118
2486,0.702429505270878
2487,0.714425217650086
2488,0.725007680489384
2489,0.735230250066052
2490,0.745365635188745
2491,0.747836867982846
2492,0.756091328836864
2493,0.765810551395404
2494,0.775883988907466
2495,0.778394553685742
2496,0.786663405547874
2497,0.796356079786293
2498,0.798669248950081
2499,0.806798771263894
2500,0.808617354978495
2501,0.816479944402411
2502,0.83354400051706
2503,0.837636247935242
2504,0.846111157820552
2505,0.848019417965524
2506,0.855896448159208
2507,0.857632657712468
2508,0.865544706310762
2509,0.867366281353421
2510,0.875308648160194
2511,0.877133365514379
2512,0.877515151215152
2513,0.885284851204894
2514,0.887214279641757
2515,0.887697344848688
2516,0.895431308286819
2517,0.897235281690976
2518,0.897616023675703
2519,0.905276146720655
2520,0.907168417196716
2521,0.90762539039523
2522,0.925289287902307
2523,0.927215740883647
2524,0.927691494007974
2525,0.935498471041814
2526,0.937529379070349
2527,0.928157019718195
2528,0.928290468549975
2529,0.928317131204209
2530,0.928334689249813
2531,0.920732451516435
2532,0.895861823708356
2533,0.866557997323834
2534,0.836191237504635
2535,0.805548536036517
2536,0.782539963747875
2537,0.753836956623299
2538,0.731369965189973
2539,0.710448459927269
2540,0.682244369728881
2541,0.659889462848756
2542,0.641321642889791
2543,0.618896755273116
2544,0.597969184405661
2545,0.567486132370542
2546,0.54700453032409
2547,0.534194090303584
2548,0.523368431026495
2549,0.505352546762255
2550,0.495491289501971
2551,0.470122968363944
2552,0.45206208793368
2553,0.440300168103337
2554,0.42241833697024
2555,0.410683399626102
2556,0.392811743167508
2557,0.381030857272659
2558,0.370703097112124
2559,0.360792245571114
2560,0.350956121588457
2561,0.333485728132937
2562,0.324099901370679
2563,0.311897623211677
2564,0.301400692885548
2565,0.298980832624501
2566,0.281011079888813
2567,0.27156894344817
2568,0.261781456754909
2569,0.259576245230983
2570,0.243960583119137
2571,0.242344005313563
2572,0.234036974932479
2573,0.22397484590716
2574,0.221174070456356
2575,0.212510116713503
2576,0.210050213579054
2577,0.224537190929587
2578,0.251010118789709
2579,0.272800439717889
2580,0.293484014036317
2581,0.321547921430332
2582,0.326238952051699
2583,0.345068752566223
2584,0.365035381909825
2585,0.38523210710279
2586,0.413145942219742
2587,0.435351674659698
2588,0.456146288624043
2589,0.468915938349562
2590,0.487353000186346
2591,0.507217186345073
2592,0.519809027944006
2593,0.538275301590336
2594,0.550529835596338
2595,0.568909797526052
2596,0.581138308517284
2597,0.591818242694947
2598,0.602042684996026
2599,0.619808332598619
2600,0.631690842753276
2601,0.642063046714025
2602,0.659755512773304
2603,0.671668019402359
2604,0.682093564687851
2605,0.692154875355696
2606,0.702062443177333
2607,0.711968865002035
2608,0.721918012180321
2609,0.731911264944605
2610,0.741890952144237
2611,0.751884762260665
2612,0.761960173050262
2613,0.764485717885065
2614,0.772771606065088
2615,0.782501326340366
2616,0.784882093626756
2617,0.793012720216857
2618,0.794974814373175
2619,0.803028865091155
2620,0.812680057461594
2621,0.815075220358992
2622,0.833219357754634
2623,0.835270863609455
2624,0.843439776726376
2625,0.853163718163297
2626,0.855675141968793
2627,0.854086862990743
2628,0.85616172757714
2629,0.856670938028502
2630,0.864470089033714
2631,0.86647295759119
2632,0.8746398099586
2633,0.876554937736546
2634,0.884607784471977
2635,0.88652342291866
2636,0.886944664230588
2637,0.894724590676766
2638,0.896667540321477
2639,0.897147657082224
2640,0.897257463034261
2641,0.904933115015873
2642,0.90916857344606
2643,0.907744679513283
2644,0.915027448450143
2645,0.906893759584813
2646,0.907295503478552
2647,0.915003287956971
2648,0.924605964662271
2649,0.927000487035907
2650,0.937536062923185
2651,0.924909078872967
2652,0.92533577745584
2653,0.933493637817746
2654,0.935893847514679
2655,0.936862707652245
2656,0.937474074149328
2657,0.937955622958004
2658,0.938338336711311
2659,0.938746265299661
2660,0.939133725493237
2661,0.947187854050165
2662,0.951810549915336
2663,0.950751504489905
2664,0.950682365217984
2665,0.958510243203068
2666,0.950749092626548
2667,0.959159861499514
2668,0.930831533442098
2669,0.901010367824389
2670,0.870847865319319
2671,0.850272556134907
2672,0.821910113221518
2673,0.791523290768362
2674,0.768323789694895
2675,0.739251223764247
2676,0.716372568815039
2677,0.695117999101674
2678,0.674371841054272
2679,0.646089720907184
2680,0.623644752727602
2681,0.602651674621921
2682,0.564476686781532
2683,0.541974831606594
2684,0.528656299147781
2685,0.509913932449233
2686,0.497478186073993
2687,0.486646930524824
2688,0.468566403111223
2689,0.448668213343749
2690,0.435981648002642
2691,0.417448415525607
2692,0.405153027044917
2693,0.394433814324515
2694,0.376439973905309
2695,0.364301526857722
2696,0.353605546536163
2697,0.343257905076815
2698,0.332922623275306
2699,0.322588250982588
2700,0.30449263336583
2701,0.292075665432989
2702,0.288773885468843
2703,0.28013811125007
2704,0.277790943818849
2705,0.269354770982926
2706,0.259335716572476
2707,0.248964547518422
2708,0.238543930171716
2709,0.228147234522574
2710,0.225394944731935
2711,0.216900477562747
2712,0.207058120187465
2713,0.196967012107536
2714,0.194457855934337
2715,0.186182604277819
2716,0.176426508802756
2717,0.173882264994491
2718,0.165532019358063
2719,0.163363672109522
2720,0.155155948257956
2721,0.153114188373424
2722,0.154835703236738
2723,0.152808279270805
2724,0.144651465028788
2725,0.142653823173367
2726,0.134596061587098
2727,0.145705796661858
2728,0.17393844880547
2729,0.196295937888816
2730,0.224869196703299
2731,0.247381381649752
2732,0.275988256739582
2733,0.2983314041713
2734,0.319140695382208
2735,0.339566232452054
2736,0.367590145476078
2737,0.389916040109554
2738,0.410813910461601
2739,0.423686272799887
2740,0.44221234960772
2741,0.462145758016946
2742,0.484761767710909
2743,0.495587059732659
2744,0.513587038385597
2745,0.523454765185521
2746,0.536007028941946
2747,0.554409641306444
2748,0.566670364155848
2749,0.577397184485775
2750,0.605335577522059
2751,0.604714534983905
2752,0.615795318738766
2753,0.626611286133712
2754,0.645002856783002
2755,0.657619811337785
2756,0.668801273775802
2757,0.679581522071457
2758,0.690195125556715
2759,0.700814364961405
2760,0.711413093502034
2761,0.722013717071581
2762,0.734935430398506
2763,0.743609618289389
2764,0.745971661183135
2765,0.762064184908903
2766,0.764029853779704
2767,0.774866110035485
2768,0.785452610978875
2769,0.788313759069688
2770,0.7892818628241
2771,0.807102683455036
2772,0.81129579643635
2773,0.819664582823386
2774,0.821440254597771
2775,0.829236428634244
2776,0.838524668764158
2777,0.840605545301209
2778,0.84865377562846
2779,0.850528228908357
2780,0.858573080741747
2781,0.860498305124328
2782,0.851016470079533
2783,0.850978305963407
2784,0.858574584321641
2785,0.860359327419098
2786,0.868353326542979
2787,0.877928420874384
2788,0.880250317250488
2789,0.880751918985058
2790,0.888464431170541
2791,0.890328070247585
2792,0.890767986940009
2793,0.898535655905067
2794,0.90046666992481
2795,0.900942739590862
2796,0.908702827206021
2797,0.910609521868757
2798,0.910977755619881
2799,0.91096519906891
2800,0.91841346503392
2801,0.920015255584585
2802,0.927853624168824
2803,0.929648946219405
2804,0.937548123259101
2805,0.939320168717021
2806,0.939493580785553
2807,0.931662755005288
2808,0.906544759092557
2809,0.877152001601452
2810,0.84667540637503
2811,0.815940145327805
2812,0.792888157111062
2813,0.764173134532805
2814,0.741691413945556
2815,0.713111087105648
2816,0.690628973349428
2817,0.669580599187215
2818,0.648952281338131
2819,0.628392186199194
2820,0.607937424513611
2821,0.587514617994713
2822,0.576987300468012
2823,0.556578834873214
2824,0.536178615796531
2825,0.515801775613127
2826,0.503156738500721
2827,0.474812040194442
2828,0.462561126030932
2829,0.44418488438881
2830,0.431962151927167
2831,0.413661517443885
2832,0.401451456535883
2833,0.390640533709282
2834,0.372547289199784
2835,0.360293032078073
2836,0.349528928526268
2837,0.33920845981287
2838,0.328990162662396
2839,0.318790057278646
2840,0.308585248906645
2841,0.298378930433151
2842,0.290504199053112
2843,0.278415519870198
2844,0.26772291902264
2845,0.270447602411293
2846,0.288883038287853
2847,0.324074853890443
2848,0.34818557910197
2849,0.369527514035369
2850,0.400113185048822
2851,0.407822548043188
2852,0.428637574903092
2853,0.441885300236088
2854,0.460881551502151
2855,0.481316294510184
2856,0.502109677651735
2857,0.51528592949358
2858,0.534162095346424
2859,0.546840752182987
2860,0.565617954954553
2861,0.578256880284791
2862,0.591690864183205
2863,0.60815381174945
2864,0.620123614837178
2865,0.638606953844326
2866,0.641174049687578
2867,0.659822687192114
2868,0.672355830866072
2869,0.683366142291522
2870,0.686370064744499
2871,0.704693304665233
2872,0.716676922792382
2873,0.726990463992159
2874,0.729251539663698
2875,0.737168723890415
2876,0.746490766879505
2877,0.756241092422341
2878,0.76620080738505
2879,0.776214799788812
2880,0.778630389820073
2881,0.786813118762042
2882,0.77889501028529
2883,0.779245455826851
2884,0.786940388384125
2885,0.796410080730572
2886,0.806319051996964
2887,0.816369618439332
2888,0.818807904077985
2889,0.827000223244588
2890,0.836628746077446
2891,0.838972306774595
2892,0.847195786635667
2893,0.849239730941832
2894,0.849748952088239
2895,0.85752960661607
2896,0.859451575404206
2897,0.867565673663962
2898,0.869482219917513
2899,0.877516611143743
2900,0.879309099250002
2901,0.87950338426492
2902,0.894650315478189
2903,0.898269380026811
2904,0.898961985142838
2905,0.898940058037255
2906,0.906330144460308
2907,0.907958349390223
2908,0.908185828638307
2909,0.90808954643465
2910,0.915558139334228
2911,0.917257753605714
2912,0.917609546684579
2913,0.925368239980914
2914,0.927291445030051
2915,0.927775857603217
2916,0.92785375226315
2917,0.935405147386436
2918,0.937221603259722
2919,0.937571939529436
2920,0.937644865041827
2921,0.937654064390552
2922,0.955192347623886
2923,0.957096425033791
2924,0.957572038401686
2925,0.957720098215261
2926,0.957842595322864
2927,0.948000293174531
2928,0.932687383924111
2929,0.905882425892212
2930,0.876230225972059
2931,0.845920252165605
2932,0.815388742903536
2933,0.784682074149328
2934,0.761628547005084
2935,0.732810505574851
2936,0.710252048059388
2937,0.689323931681196
2938,0.668798998102095
2939,0.640702279282452
2940,0.618374559257233
2941,0.59747959438603
2942,0.579275774889146
2943,0.564612104584688
2944,0.545610639689239
2945,0.515616351347972
2946,0.495248659555961
2947,0.490123723448953
2948,0.473542993975259
2949,0.454101112702247
2950,0.451537767017421
2951,0.428009541193554
2952,0.41039469469556
2953,0.398746036223555
2954,0.380893214126489
2955,0.369166550924028
2956,0.358965159075206
2957,0.349100060143593
2958,0.339254045963139
2959,0.329458199096242
2960,0.319652676205078
2961,0.30219489120072
2962,0.292811238810037
2963,0.288268109327
2964,0.27969052218495
2965,0.277735864407021
2966,0.259895626383505
2967,0.250481683547243
2968,0.240705382568043
2969,0.230844350946759
2970,0.220994996437253
2971,0.220795102560578
2972,0.21285305648778
2973,0.20288550487452
2974,0.200101676323826
2975,0.191450232575545
2976,0.181327741976006
2977,0.17858243944462
2978,0.170113552527269
2979,0.167885671076212
2980,0.167258691695476
2981,0.190011324981561
2982,0.20106063994214
2983,0.221463218661774
2984,0.249483058063232
2985,0.271686520753764
2986,0.300100038848925
2987,0.322428092673332
2988,0.343256238213883
2989,0.371358279042774
2990,0.385958202054924
2991,0.40486737893085
2992,0.424885025921376
2993,0.445199391928424
2994,0.465586784519017
2995,0.485986128937383
2996,0.498720479472749
2997,0.51719606800037
2998,0.529359666094923
2999,0.547611851924085
3000,0.559617763594525
3001,0.570023067222571
3002,0.587718428579704
3003,0.607298038520009
3004,0.619633987604435
3005,0.630178636391657
3006,0.640204534448307
3007,0.657815491516598
3008,0.669685862114096
3009,0.680152833947903
3010,0.690255753919988
3011,0.700276934199652
3012,0.710366575417403
3013,0.72055358805359
3014,0.730749203458521
3015,0.733296227693025
3016,0.741553868081655
3017,0.751144890202792
3018,0.76113404065156
3019,0.77118202469387
3020,0.773677022402957
3021,0.781952513446296
3022,0.801549020434461
3023,0.803974714615288
3024,0.812240620651213
3025,0.821992748794694
3026,0.824510966520971
3027,0.822932872094933
3028,0.825000828381763
3029,0.833173139991999
3030,0.842883823849679
3031,0.845365995037596
3032,0.853646021288558
3033,0.855595377275741
3034,0.863656228769195
3035,0.865576180194801
3036,0.865995757242407
3037,0.87377256198988
3038,0.87571962245719
3039,0.883863428140739
3040,0.885883698213322
3041,0.886370806757082
3042,0.896474376144835
3043,0.896523158025959
3044,0.896502648634439
3045,0.894217285527971
3046,0.896068169795315
3047,0.90413144822873
3048,0.906154826866841
3049,0.914324719453965
3050,0.926295024776281
3051,0.914045035607769
3052,0.922213064949202
3053,0.924641691384335
3054,0.910293720428863
3055,0.884108289966861
3056,0.854974664031826
3057,0.825065421937587
3058,0.802553731370828
3059,0.77427622052834
3060,0.744537237382487
3061,0.722114217882533
3062,0.703824562229089
3063,0.674071271637532
3064,0.651547780784523
3065,0.638447349071946
3066,0.6101675245232
3067,0.590484112299151
3068,0.570483091845577
3069,0.550411073113436
3070,0.530346815297379
3071,0.519936274565711
3072,0.501786640201741
3073,0.489271194333489
3074,0.470525955713476
3075,0.457893753260297
3076,0.43911289094987
3077,0.426546260295765
3078,0.40796461701891
3079,0.395553499074541
3080,0.384722046643529
3081,0.366621339636975
3082,0.336847812869944
3083,0.324093208869858
3084,0.31320223795355
3085,0.302727454048661
3086,0.300013650696863
3087,0.291606961639082
3088,0.281792546348538
3089,0.27161556756315
3090,0.261359273495003
3091,0.251093523109071
3092,0.240861061368058
3093,0.230657988415297
3094,0.228122021115317
3095,0.250469251982241
3096,0.271357368001368
3097,0.299527544262901
3098,0.321772625450142
3099,0.342539282378562
3100,0.362834372174711
3101,0.382971864034418
3102,0.410754220490454
3103,0.432847763152764
3104,0.453477517313323
3105,0.466092393107465
3106,0.484294685626476
3107,0.503946604532667
3108,0.516327019567957
3109,0.53458655440382
3110,0.546634093488267
3111,0.564799934147077
3112,0.576924181979502
3113,0.59527808265473
3114,0.599853502943848
3115,0.616321585764803
3116,0.628049385754125
3117,0.63850926747001
3118,0.64871415417659
3119,0.658820149232273
3120,0.668990956145758
3121,0.686840003573911
3122,0.708823836663839
3123,0.719508007189405
3124,0.722171974119695
3125,0.730531390910113
3126,0.740363432232943
3127,0.740610614662424
3128,0.750794101034982
3129,0.760991308904326
3130,0.763544757430981
3131,0.771906280560009
3132,0.781653910023969
3133,0.791629481623643
3134,0.794025137429861
3135,0.802193417163058
3136,0.811831942007512
3137,0.814245359831943
3138,0.822520723490563
3139,0.824578446052312
3140,0.832744469209483
3141,0.834767099589508
3142,0.845251823799824
3143,0.845396445010666
3144,0.853063353027248
3145,0.845035103714973
3146,0.853114565210016
3147,0.862729430644025
3148,0.872801911295539
3149,0.875316817841621
3150,0.893540030271057
3151,0.88285262482642
3152,0.883745348928985
3153,0.892025392725695
3154,0.894458476906299
3155,0.895441948968483
3156,0.903718932284732
3157,0.906116668077029
3158,0.906972203527836
3159,0.907501849380381
3160,0.915582099710927
3161,0.91789888298004
3162,0.921094464725007
3163,0.91967650299398
3164,0.927190609278359
3165,0.936890865147066
3166,0.929613760394304
3167,0.930478700769647
3168,0.93857490326183
3169,0.94082094377138
3170,0.933973772961172
3171,0.942169559273201
3172,0.94397355018061
3173,0.951743911722602
3174,0.953372423355376
3175,0.953477294871936
3176,0.937862811756529
3177,0.910758580987775
3178,0.880885209567675
3179,0.850330811489827
3180,0.827309991207242
3181,0.798506288103668
3182,0.750741296244301
3183,0.72583194571844
3184,0.704244963081203
3185,0.675775585540667
3186,0.660911686742684
3187,0.641812657022273
3188,0.621665844953334
3189,0.601251064801183
3190,0.580775651683791
3191,0.560300561309201
3192,0.539856361136452
3193,0.519446092526254
3194,0.506694844532077
3195,0.488189816399416
3196,0.468249485103367
3197,0.455598078770477
3198,0.437027192268965
3199,0.424638985190845
3200,0.40602874439277
3201,0.393490829202865
3202,0.390144115989422
3203,0.373840085007146
3204,0.361917862579828
3205,0.351105043209006
3206,0.340488083864951
3207,0.32997839685819
3208,0.319525452749583
3209,0.309115015234465
3210,0.298698987116377
3211,0.288290215349549
3212,0.277977867843421
3213,0.267762113777708
3214,0.257562565370574
3215,0.247372330207309
3216,0.237142200239909
3217,0.234472864404542
3218,0.22609376077332
3219,0.216251444774356
3220,0.20613912519413
3221,0.203615013968505
3222,0.205209412959206
3223,0.195499252442246
3224,0.193092528548458
3225,0.184871853820289
3226,0.175261425983837
3227,0.163010961829213
3228,0.154767857401925
3229,0.152718676454423
3230,0.14457318020873
3231,0.142613267533361
3232,0.134477093394332
3233,0.147667620928559
3234,0.173854283518895
3235,0.195620434869267
3236,0.223979799965067
3237,0.246387823022406
3238,0.274974194769651
3239,0.29742448398117
3240,0.318342307892801
3241,0.338870392388636
3242,0.369293206039534
3243,0.389737371128665
3244,0.410131442486012
3245,0.412943586804578
3246,0.43138757622291
3247,0.458912033762966
3248,0.481116955767754
3249,0.494321207448355
3250,0.522870613151527
3251,0.530090041308158
3252,0.543108468225403
3253,0.554416450877773
3254,0.572928572041709
3255,0.585584944224713
3256,0.604429286197307
3257,0.617124444751878
3258,0.628211375638094
3259,0.63895549948231
3260,0.649586183041041
3261,0.66020167222069
3262,0.680789593521841
3263,0.691373902070902
3264,0.701880584823381
3265,0.719987145709764
3266,0.714815112962495
3267,0.72386599268219
3268,0.734003659630623
3269,0.74442311448408
3270,0.747278392824918
3271,0.765551571509717
3272,0.777531594783812
3273,0.780178940667324
3274,0.788197216015026
3275,0.797555114663705
3276,0.799573396980835
3277,0.799851901102445
3278,0.807444021102662
3279,0.816872084296648
3280,0.819133038514
3281,0.827275368090206
3282,0.811703694149934
3283,0.817789685970409
3284,0.826908846044876
3285,0.829073121179779
3286,0.844819247684508
3287,0.848668144233806
3288,0.857218588232932
3289,0.85927323145558
3290,0.859714605208964
3291,0.867429191530737
3292,0.869326769562425
3293,0.877460592999445
3294,0.864156207939037
3295,0.83784907788422
3296,0.815959126494667
3297,0.787496749875493
3298,0.764978979821259
3299,0.736280087458883
3300,0.713601292843621
3301,0.684725198760273
3302,0.669636863381533
3303,0.650405265798932
3304,0.630090347767027
3305,0.609518643412927
3306,0.588805154325135
3307,0.568117448581457
3308,0.547461361250532
3309,0.526846660621631
3310,0.513881475914585
3311,0.495176360301187
3312,0.475130337672764
3313,0.462492972944991
3314,0.44402917657256
3315,0.431773794921926
3316,0.413368437912977
3317,0.400994222002033
3318,0.390197617424617
3319,0.379748136033586
3320,0.361821873486491
3321,0.349685733254268
3322,0.348883642403099
3323,0.338574321404518
3324,0.328354078618296
3325,0.318182843935566
3326,0.308087076165376
3327,0.288054097673009
3328,0.277868361948032
3329,0.267668905041545
3330,0.257494280442905
3331,0.247365180851066
3332,0.23719035837204
3333,0.234545514458892
3334,0.249123058223162
3335,0.275653392843339
3336,0.297539663111659
3337,0.3183322039839
3338,0.33885312202813
3339,0.359293728077779
3340,0.379710118663647
3341,0.400112416080593
3342,0.422842802201495
3343,0.441368881772432
3344,0.461284137044594
3345,0.471640768384168
3346,0.484297731157935
3347,0.510379262500576
3348,0.524564918557774
3349,0.54343222476428
3350,0.565728377727047
3351,0.571393910934529
3352,0.584022994852657
3353,0.595231280189371
3354,0.613718660954405
3355,0.626369737502806
3356,0.637547940678154
3357,0.648333419709368
3358,0.658946822902764
3359,0.669572571389526
3360,0.680170854309879
3361,0.690780330425849
3362,0.703701146766234
3363,0.712379140503153
3364,0.722410415262169
3365,0.740393819285865
3366,0.742859301437747
3367,0.753807359676581
3368,0.756759487499647
3369,0.765385113318969
3370,0.767794889249135
3371,0.785955400887676
3372,0.790245943787086
3373,0.798641584417871
3374,0.80808353235075
3375,0.810132987283369
3376,0.817994048697329
3377,0.819726534109381
3378,0.827681458511176
3379,0.837196734535806
3380,0.839483435545794
3381,0.847627958462731
3382,0.832064960655807
3383,0.838147448763565
3384,0.839604512474813
3385,0.847520832936135
3386,0.857036802614623
3387,0.866995887140693
3388,0.869407653125798
3389,0.869933738989612
3390,0.877657097623587
3391,0.879521942338894
3392,0.879962811489779
3393,0.887734373922887
3394,0.889662828376946
3395,0.890138377572787
3396,0.890239914175093
3397,0.897902639728227
3398,0.899706145084583
3399,0.900049349297786
3400,0.907583327009863
3401,0.909219365855932
3402,0.91704965330521
3403,0.918848167473841
3404,0.926751786395628
3405,0.928529468942381
3406,0.905721555367328
3407,0.876846937289086
3408,0.84648554506785
3409,0.823447436053926
3410,0.794551560747195
3411,0.764212919183562
3412,0.741263696023656
3413,0.720239273455605
3414,0.692027512990742
3415,0.669679625635176
3416,0.648754338770697
3417,0.628086913760049
3418,0.607559380680074
3419,0.587021082974028
3420,0.56657910489985
3421,0.546151337080135
3422,0.535616753112911
3423,0.522881352062597
3424,0.504393558582994
3425,0.484498955925141
3426,0.47197481733778
3427,0.443679019183786
3428,0.431426675083561
3429,0.413052253815046
3430,0.400835524012088
3431,0.390197909614727
3432,0.372231660954822
3433,0.359980890939734
3434,0.349180078762352
3435,0.338737383685709
3436,0.328428099854423
3437,0.318215442878487
3438,0.308028111980195
3439,0.297834893623389
3440,0.287636453546375
3441,0.277429108959967
3442,0.269551019691593
3443,0.257470997891596
3444,0.24677980532844
3445,0.226533084007499
3446,0.223905365057237
3447,0.223197362599963
3448,0.215390380420753
3449,0.205801624053648
3450,0.213349384233876
3451,0.19236789528694
3452,0.18303651530224
3453,0.18112002975214
3454,0.173360017620675
3455,0.16415432591874
3456,0.162234514319325
3457,0.154439785843129
3458,0.152771974333098
3459,0.145023934596004
3460,0.143387877113775
3461,0.135638183698271
3462,0.136328163053795
3463,0.14196976195508
3464,0.158910164876338
3465,0.193944990420286
3466,0.215990403563734
3467,0.239487111000326
3468,0.268554707967063
3469,0.291355544691588
3470,0.304969722089809
3471,0.333583549461242
3472,0.36347031286078
3473,0.385913678725587
3474,0.406520518368395
3475,0.419020755891043
3476,0.437151160365682
3477,0.456773271224405
3478,0.47684860087554
3479,0.497049804755785
3480,0.509669412061265
3481,0.528050450379761
3482,0.522709640789057
3483,0.53899928988188
3484,0.550668648676404
3485,0.561130443092244
3486,0.586597566655524
3487,0.600536218029516
3488,0.611605826653572
3489,0.629616934040517
3490,0.641697528833348
3491,0.652313459758337
3492,0.662601807515767
3493,0.672829094893261
3494,0.683031873656911
3495,0.693235761226244
3496,0.703425131077561
3497,0.713602962275756
3498,0.723697616941329
3499,0.733770393352147
3500,0.743729959534744
3501,0.745974332375724
3502,0.761617189641976
3503,0.765369105386792
3504,0.773757723905592
3505,0.783320145251089
3506,0.79310395565245
3507,0.795333773271142
3508,0.803369692131382
3509,0.812878650084782
3510,0.815079480194984
3511,0.823132191061461
3512,0.825066806318289
3513,0.833225724104827
3514,0.835268272210954
3515,0.843437923774987
3516,0.845436237392062
3517,0.853459816587855
3518,0.85540018367217
3519,0.863438617344376
3520,0.865435311831482
3521,0.865916028929769
3522,0.883565971020769
3523,0.885510805099757
3524,0.870677847793834
3525,0.844028730137516
3526,0.81449581520955
3527,0.781956865620576
3528,0.753317365330307
3529,0.730855136659311
3530,0.709955439582944
3531,0.681825634078175
3532,0.659496922241385
3533,0.638495309529843
3534,0.617846092153181
3535,0.597284346834703
3536,0.576791257504475
3537,0.556373838167821
3538,0.535981678180654
3539,0.523238995718479
3540,0.504743971898763
3541,0.484802752431362
3542,0.4744973007268
3543,0.454152487304335
3544,0.441400488010156
3545,0.412981825007156
3546,0.40064986244198
3547,0.389857270197651
3548,0.379538481216809
3549,0.369319123394172
3550,0.369042755177348
3551,0.346115886320999
3552,0.328636681120458
3553,0.31702264505837
3554,0.306844965023443
3555,0.29703252679226
3556,0.287299949594061
3557,0.277557501196179
3558,0.267740640419093
3559,0.2579612699231
3560,0.255813193259494
3561,0.247938197950748
3562,0.240930458345631
3563,0.229332725948686
3564,0.234309502388525
3565,0.258696624524894
3566,0.27809291540633
3567,0.300925561041008
3568,0.322165139191596
3569,0.343018138220349
3570,0.356145852902757
3571,0.384633932870867
3572,0.406828079367967
3573,0.427355315347406
3574,0.447484413274683
3575,0.467527187769017
3576,0.487535403707695
3577,0.499964229619324
3578,0.518245922057399
3579,0.530339229540702
3580,0.548599588102876
3581,0.56072185232576
3582,0.561489198502516
3583,0.571632618949382
3584,0.589433429633217
3585,0.601423183902527
3586,0.619606613294015
3587,0.63172974561478
3588,0.642349598047011
3589,0.652586229136683
3590,0.670387936088512
3591,0.682432262146546
3592,0.693073782639719
3593,0.70339116077913
3594,0.713613466133662
3595,0.716164068772081
3596,0.724443085131546
3597,0.7341469666999
3598,0.744120730071276
3599,0.754165582239565
3600,0.764115436688264
3601,0.766359022897303
3602,0.782000549166999
3603,0.793412516435107
3604,0.796043622642519
3605,0.796507724435626
3606,0.788703204270598
3607,0.794213893486751
3608,0.795403454685267
3609,0.803208265438486
3610,0.812646535078545
3611,0.81483904841143
3612,0.822977406038331
3613,0.825020874963297
3614,0.833201051120649
3615,0.842898998903714
3616,0.845279799675056
3617,0.853397235365857
3618,0.855362534435743
3619,0.863408176028352
3620,0.865405702542125
3621,0.865887026529997
3622,0.883535356380283
3623,0.885481232574823
3624,0.893635824634694
3625,0.895696947553778
3626,0.896302947763328
3627,0.871272999389679
3628,0.844505273022689
3629,0.82250668579928
3630,0.794060606059591
3631,0.764050468588629
3632,0.741247948769216
3633,0.720129202401397
3634,0.691789303944337
3635,0.669309595904243
3636,0.648337395798939
3637,0.627799497887604
3638,0.607376261775314
3639,0.5869626893058
3640,0.566558739713371
3641,0.546138704940651
3642,0.528050425618557
3643,0.513427719523602
3644,0.494443958643857
3645,0.46447769235887
3646,0.451757737591689
3647,0.440864829971612
3648,0.430520187807807
3649,0.412633430522603
3650,0.410442914990535
3651,0.38704401190733
3652,0.369445216693737
3653,0.357799335081067
3654,0.347612784557188
3655,0.337797469996577
3656,0.328063582234606
3657,0.31831774647616
3658,0.308501979830771
3659,0.298719810672593
3660,0.288910857285835
3661,0.279124913330084
3662,0.271642730341943
3663,0.25992497953456
3664,0.249549389555057
3665,0.247121914121669
3666,0.236855685532731
3667,0.229314327326588
3668,0.220004275231134
3669,0.210264025395659
3670,0.200452593045407
3671,0.200238676309582
3672,0.192302783654513
3673,0.190003543442862
3674,0.181466359115633
3675,0.171385170381804
3676,0.168571720736807
3677,0.159998660912129
3678,0.157729000580197
3679,0.149386550339651
3680,0.147237185094949
3681,0.13895708964007
3682,0.119330490968433
3683,0.109074705694914
3684,0.106473238457059
3685,0.0980660955804882
3686,0.111169186530877
3687,0.137360540101277
3688,0.166812455214701
3689,0.189412723728371
3690,0.217961185997447
3691,0.240349930206637
3692,0.26889952394932
3693,0.291344447907581
3694,0.312258272925497
3695,0.332801901964175
3696,0.35322750050956
3697,0.373626639154823
3698,0.393929065103766
3699,0.414216080493149
3700,0.434381439314145
3701,0.454498315204705
3702,0.482258551909502
3703,0.496693957476082
3704,0.515408021891996
3705,0.527543017199282
3706,0.545633940901287
3707,0.557594115169985
3708,0.575713555560978
3709,0.587742026150227
3710,0.5982331955039
3711,0.616013399476816
3712,0.628040729620205
3713,0.638717977773054
3714,0.649048680393837
3715,0.659287339771578
3716,0.669467512055608
3717,0.687190127858976
3718,0.699213510196647
3719,0.709766718434851
3720,0.712392869758683
3721,0.72069356149611
3722,0.740288539623816
3723,0.750388169509778
3724,0.760572835158924
3725,0.77080346398065
3726,0.773450198491676
3727,0.771915028724994
3728,0.781648252773829
3729,0.791724980310521
3730,0.794258446432555
3731,0.802610766753417
3732,0.812345405443452
3733,0.814657568094933
3734,0.822798673247914
3735,0.824728427882958
3736,0.832817849071472
3737,0.834840731900644
3738,0.843017923675209
3739,0.852709728455187
3740,0.855125609375384
3741,0.855709192686402
3742,0.865831156223755
3743,0.865893804344383
3744,0.87354653053726
3745,0.865536558145709
3746,0.86594132101822
3747,0.881290981284534
3748,0.885140481966705
3749,0.886106874395902
3750,0.903927166222174
3751,0.893171328387021
3752,0.901695210578657
3753,0.904213393618995
3754,0.905206224862311
3755,0.905828981250308
3756,0.914011011214316
3757,0.916379485425527
3758,0.917236835009422
3759,0.925423613550322
3760,0.927746590253946
3761,0.928632565525893
3762,0.931462666542168
3763,0.929964064336187
3764,0.9374480588077
3765,0.947117418921484
3766,0.939862727609223
3767,0.940725975403648
3768,0.941160740459408
3769,0.941496388708436
3770,0.941848127200823
3771,0.951811602177277
3772,0.954065801563243
3773,0.954291166716901
3774,0.95403363236864
3775,0.961325422914458
3776,0.962828570313409
3777,0.962981270401576
3778,0.962873004801742
3779,0.962719080827006
3780,0.962597103813931
3781,0.97013221928159
3782,0.954438040886606
3783,0.937485059159449
3784,0.910222147903995
3785,0.880335025649282
3786,0.857429211719808
3787,0.828667677718814
3788,0.798453290286785
3789,0.775531303259502
3790,0.746762427745408
3791,0.724220748883832
3792,0.703259716245534
3793,0.675058719793293
3794,0.652703482454444
3795,0.63181705279273
3796,0.611271515733038
3797,0.590816987145719
3798,0.57029067408387
3799,0.54975824972845
3800,0.52910463617638
3801,0.516068432897453
3802,0.504922160533817
3803,0.486683052855234
3804,0.47427199627642
3805,0.455671217799464
3806,0.443118256524372
3807,0.424465899269349
3808,0.411975524943811
3809,0.401058565581118
3810,0.382851124943653
3811,0.370501981994146
3812,0.359704766293966
3813,0.349374899010639
3814,0.339156512829802
3815,0.328955501032548
3816,0.318728548968184
3817,0.308385377701644
3818,0.298102990535409
3819,0.287782862240756
3820,0.277552326481081
3821,0.282653925422153
3822,0.316778444932946
3823,0.338166151046122
3824,0.358833395237806
3825,0.379340700991175
3826,0.399877224982868
3827,0.410470537394143
3828,0.430887252488219
3829,0.451292365274021
3830,0.464070002489068
3831,0.482637034038797
3832,0.502584971900814
3833,0.515107134328244
3834,0.525796250394511
3835,0.543687665192806
3836,0.555760787617778
3837,0.57410033247603
3838,0.586346906712877
3839,0.604719310521064
3840,0.616962183108194
3841,0.62765947431951
3842,0.640303421405854
3843,0.648660899528568
3844,0.658385070374041
3845,0.658556373969517
3846,0.668661621412033
3847,0.686428448111231
3848,0.69854653853734
3849,0.709237679758248
3850,0.729482886177879
3851,0.726999015187072
3852,0.737582451879876
3853,0.748278248091876
3854,0.758972342121825
3855,0.76201797673827
3856,0.77080179318643
3857,0.780984169930316
3858,0.791451809396816
3859,0.79437386964491
3860,0.803048379937956
3861,0.813182463242973
3862,0.818316462098986
3863,0.825050191101738
3864,0.826922799696453
3865,0.842854975040462
3866,0.837167139904687
3867,0.846080737906585
3868,0.848523635429567
3869,0.857024003808897
3870,0.851749422368318
3871,0.867972314486408
3872,0.871789911655319
3873,0.880064487229975
3874,0.881816990754814
3875,0.881948865646987
3876,0.889330367214831
3877,0.89094974090296
3878,0.898868467688627
3879,0.900716283594187
3880,0.901094235957234
3881,0.908755545877281
3882,0.89309711787684
3883,0.891474758473134
3884,0.898679543084488
3885,0.900362309025368
3886,0.908306238421008
3887,0.910212709935213
3888,0.918284657317778
3889,0.897241588494987
3890,0.868938245064833
3891,0.838851589081385
3892,0.808347785797844
3893,0.777768621065693
3894,0.754817729095271
3895,0.726120827897957
3896,0.703627166408539
3897,0.68268576308345
3898,0.662036832635502
3899,0.633812366707584
3900,0.61124042033822
3901,0.590067831478723
3902,0.576897104964393
3903,0.565811901135013
3904,0.547521169664868
3905,0.527455453251509
3906,0.506874676562945
3907,0.493882290948117
3908,0.475139953517088
3909,0.455003287074943
3910,0.44215670221869
3911,0.431143965154047
3912,0.41301844595996
3913,0.400858736163465
3914,0.382523377076354
3915,0.370301196184166
3916,0.359567478857231
3917,0.349100011942546
3918,0.338783633334367
3919,0.328457029405469
3920,0.310561662604785
3921,0.298428240903676
3922,0.297608877056418
3923,0.29497019402545
3924,0.286669336878983
3925,0.276977140431651
3926,0.267007646134009
3927,0.247021480904638
3928,0.236835940280349
3929,0.226636026816721
3930,0.224130698647259
3931,0.22357038467424
3932,0.246414768709095
3933,0.267324829074241
3934,0.295429232666789
3935,0.317660556317057
3936,0.338482981159737
3937,0.359005007613463
3938,0.379460563506239
3939,0.399878160058937
3940,0.420298137596722
3941,0.440697117488693
3942,0.463419239069187
3943,0.474294909992651
3944,0.492306759397165
3945,0.50221132842933
3946,0.514739960542765
3947,0.5407739374591
3948,0.554953711362107
3949,0.573823955292323
3950,0.596104955031412
3951,0.594138682943715
3952,0.612507606113296
3953,0.625148261689664
3954,0.636326486744971
3955,0.647156761490513
3956,0.657883665296193
3957,0.668549224064633
3958,0.679141423469175
3959,0.689755823090898
3960,0.700347761680878
3961,0.710963439362463
3962,0.723877976726204
3963,0.732551994787089
3964,0.742573511921692
3965,0.760532040975132
3966,0.763016095819097
3967,0.766303776103208
3968,0.775009953817195
3969,0.785061049428732
3970,0.787837703210217
3971,0.798402737728773
3972,0.808474494025987
3973,0.810647535314608
3974,0.818544632929052
3975,0.827867082826794
3976,0.82988058783288
3977,0.83782455193129
3978,0.839658680207112
3979,0.84765005929093
3980,0.849562917615836
3981,0.857605755584429
3982,0.842048998175328
3983,0.848111936905681
3984,0.849567998272552
3985,0.857480239878359
3986,0.866975914118796
3987,0.869273762499918
3988,0.877439842668378
3989,0.879408697004113
3990,0.887486302750318
3991,0.889448147565288
3992,0.889909696834808
3993,0.897690550658182
3994,0.899614882499044
3995,0.90010034012483
3996,0.900196462761995
3997,0.900202505630581
3998,0.900091681385459
3999,0.907625351018967
4000,0.90927832937581
4001,0.909461761863432
4002,0.924587747359092
4003,0.928212329852613
4004,0.928902236631285
4005,0.928882503931841
4006,0.928612633722989
4007,0.935994869106405
4008,0.937646057495744
4009,0.937906244086707
4010,0.937797170284667
4011,0.945271780852906
4012,0.947076152312566
4013,0.947532162464843
4014,0.947657533638497
4015,0.947684406648292
4016,0.947654988324464
4017,0.94750695184559
4018,0.947413960183072
4019,0.947286700774285
4020,0.954906824297866
4021,0.956782261746738
4022,0.967102212757766
4023,0.967228052641877
4024,0.967270455930798
4025,0.967308316334956
4026,0.944431026527396
4027,0.905902319408442
4028,0.875760175988404
4029,0.852919149906454
4030,0.824268950117852
4031,0.794202354976278
4032,0.771379842620661
4033,0.742597088660666
4034,0.720006210627841
4035,0.691296414239848
4036,0.668776300479504
4037,0.647850069337467
4038,0.627330072998713
4039,0.606890546496007
4040,0.586483523497917
4041,0.566063630260056
4042,0.547968933717851
4043,0.525692639874295
4044,0.512458713448238
4045,0.483936678893912
4046,0.463907027584404
4047,0.458840654630222
4048,0.442295225007425
4049,0.430527611855932
4050,0.429853501457399
4051,0.399191539357754
4052,0.387428267555573
4053,0.37724084750586
4054,0.359755564343526
4055,0.348125736945225
4056,0.337936483355885
4057,0.328075984541517
4058,0.318234679277303
4059,0.30844390167354
4060,0.298633051980156
4061,0.288851807215134
4062,0.281365634309352
4063,0.269644908171587
4064,0.259267091695505
4065,0.256828783485506
4066,0.238917770141329
4067,0.237129956186441
4068,0.229259966167815
4069,0.219864689370099
4070,0.202487000224101
4071,0.208033192424852
4072,0.201542767339733
4073,0.191941287970932
4074,0.189248953043408
4075,0.180620860381075
4076,0.193492342130037
4077,0.219471173325632
4078,0.241131688245106
4079,0.269395108218705
4080,0.291688837745092
4081,0.312478609711905
4082,0.315435965654159
4083,0.333773721692085
4084,0.361278727680631
4085,0.383349484150569
4086,0.404041046515
4087,0.424461067383206
4088,0.444806941645269
4089,0.46513999512821
4090,0.485459681178078
4091,0.498143048805932
4092,0.51660103095862
4093,0.528871168871141
4094,0.547241814079897
4095,0.559492254188351
4096,0.577846321080651
4097,0.590068089455031
4098,0.600666820907309
4099,0.610872344500714
4100,0.628520040293595
4101,0.640352312814812
4102,0.658381979979374
4103,0.670397303589101
4104,0.680843304724686
4105,0.690919268478204
4106,0.700821999360206
4107,0.710741157807358
4108,0.720689612607455
4109,0.730684079184255
4110,0.740662066890369
4111,0.750651825899378
4112,0.753089840796498
4113,0.761364667626618
4114,0.771104328270783
4115,0.781187815342009
4116,0.783669876876091
4117,0.791810421236454
4118,0.801445750591235
4119,0.803745333773828
4120,0.811970471570929
4121,0.814000193201638
4122,0.832018747623545
4123,0.84172809577295
4124,0.844163433863251
4125,0.852457179537703
4126,0.854625554238584
4127,0.852987768694831
4128,0.855017185320242
4129,0.863176217697385
4130,0.865234395891438
4131,0.873459634500213
4132,0.875500942754897
4133,0.875895779280825
4134,0.883551722185233
4135,0.885362845142102
4136,0.885765755178047
4137,0.885869621004035
4138,0.893568104974552
4139,0.895478185269851
4140,0.903617866954373
4141,0.905628658495236
4142,0.908439350152751
4143,0.906689585905911
4144,0.91388416509348
4145,0.905771964661685
4146,0.906141269145647
4147,0.921471722412317
4148,0.925323894871718
4149,0.926292020431323
4150,0.936442217618828
4151,0.931461116957342
4152,0.933743679426602
4153,0.934708736849076
4154,0.935319519360334
4155,0.935847685776056
4156,0.936347284759957
4157,0.936804601864533
4158,0.937183582793332
4159,0.945253813243701
4160,0.947542955310157
4161,0.948428109784307
4162,0.951250307012956
4163,0.949750196053219
4164,0.949572079300761
4165,0.964981690338695
4166,0.959170248757784
4167,0.960386003883861
4168,0.960915661736415
4169,0.961263723627659
4170,0.953965752761158
4171,0.962004976223894
4172,0.96379051023108
4173,0.971559231273868
4174,0.973185622796443
4175,0.973281614584877
4176,0.972992621741644
4177,0.957373096323782
4178,0.922694541363087
4179,0.898603185110474
4180,0.869541616543709
4181,0.839219886333882
4182,0.791133835807
4183,0.766097854814002
4184,0.736822552212635
4185,0.714096381559593
4186,0.692977471569779
4187,0.672331731180395
4188,0.65179802848331
4189,0.631298510189583
4190,0.61079795415074
4191,0.59032686389879
4192,0.569875508115255
4193,0.549470682522528
4194,0.529054982557408
4195,0.50865967495911
4196,0.495893456136361
4197,0.477383646911597
4198,0.457344525694233
4199,0.444593416925359
4200,0.425881953633764
4201,0.413333824786422
4202,0.409971079743456
4203,0.393679396871131
4204,0.381751989301926
4205,0.370938474005143
4206,0.360316863315253
4207,0.342147725977711
4208,0.329778241499931
4209,0.318898304179309
4210,0.308357020535232
4211,0.297921299136802
4212,0.287614610422353
4213,0.277398264585031
4214,0.267218327260068
4215,0.25702177721096
4216,0.246798930951674
4217,0.244119504389654
4218,0.235748154661849
4219,0.225907490248219
4220,0.215796207151249
4221,0.213263849510539
4222,0.214830127968609
4223,0.205129927048742
4224,0.20274154387401
4225,0.209838812049363
4226,0.234700865464324
4227,0.246392407095548
4228,0.274730486170749
4229,0.297114284534628
4230,0.318048411083876
4231,0.338647821909641
4232,0.359100872516269
4233,0.379413359312041
4234,0.399699567415549
4235,0.419987884735393
4236,0.440323913408001
4237,0.460723197059696
4238,0.481144923973278
4239,0.493896552882848
4240,0.512400636807499
4241,0.524662314739641
4242,0.545353913657616
4243,0.555727658034958
4244,0.565946996136264
4245,0.573920622876002
4246,0.585959796788633
4247,0.604199968502734
4248,0.624105380034653
4249,0.636740105355636
4250,0.65746037303611
4251,0.65512173298582
4252,0.65806522037251
4253,0.666862130680931
4254,0.677086735576475
4255,0.687675147157913
4256,0.69834609187787
4257,0.708997313494766
4258,0.719575679426407
4259,0.730194335156781
4260,0.740780984277009
4261,0.751397845840705
4262,0.764308235539227
4263,0.765328864254904
4264,0.773439112925247
4265,0.790915741466987
4266,0.793285034814228
4267,0.796542952961106
4268,0.805244366375303
4269,0.807631499761607
4270,0.808506089359657
4271,0.826240761623892
4272,0.830446348476491
4273,0.838818684329692
4274,0.840598963530866
4275,0.848395797001913
4276,0.850030568847829
4277,0.857874212641899
4278,0.859690666174976
4279,0.8676767867351
4280,0.869590063202753
4281,0.877632146803304
4282,0.862092411623353
4283,0.868139623793989
4284,0.869594158512944
4285,0.869843915142474
4286,0.885089604440396
4287,0.888822365242641
4288,0.889684406978706
4289,0.897494607866667
4290,0.884046028893107
4291,0.8576682342893
4292,0.828080390839107
4293,0.797734206364439
4294,0.774836904839029
4295,0.746159131150886
4296,0.72366284653706
4297,0.702728336272138
4298,0.674419141432751
4299,0.651941456580473
4300,0.630804041594606
4301,0.609988909617056
4302,0.596897705665392
4303,0.578181653934253
4304,0.557988400619599
4305,0.537454018828123
4306,0.524411951422647
4307,0.505636434285889
4308,0.485454187104603
4309,0.472621748338417
4310,0.453931211203066
4311,0.441462113183118
4312,0.422986222409423
4313,0.410731688683371
4314,0.392381530106897
4315,0.380146721537393
4316,0.369414008621095
4317,0.358943583026645
4318,0.348630068945577
4319,0.330641317149714
4320,0.318500162574617
4321,0.307795759112892
4322,0.307325264137029
4323,0.297116348138216
4324,0.28693778246397
4325,0.276771871894576
4326,0.266682473642626
4327,0.254344985078482
4328,0.246051408261148
4329,0.259304414911193
4330,0.285623890504065
4331,0.307566157400863
4332,0.328351937942919
