46.00
36.00
46.00
46.00
35.00
31.00
37.00
27.00
34.00
35.00
32.00
106.00
42.00
33.00
32.00
34.00
35.00
38.00
32.00
32.00
42.00
38.00
39.00
34.00
30.00
29.00
38.00
38.00
38.00
40.00
42.00
44.00
33.00
40.00
39.00
40.00
47.00
39.00
45.00
32.00
35.00
56.00
34.00
42.00
37.00
39.00
31.00
31.00
33.00
30.00
34.00
36.00
46.00
28.00
35.00
33.00
34.00
38.00
72.00
39.00
41.00
41.00
82.00
244.00
1329.00
686.00
526.00
1087.00
1402.00
1229.00
595.00
590.00
1142.00
1083.00
59.00
34.00
31.00
38.00
36.00
34.00
33.00
26.00
39.00
30.00
44.00
34.00
26.00
38.00
38.00
33.00
39.00
28.00
28.00
39.00
33.00
32.00
35.00
41.00
36.00
31.00
26.00
64.00
34.00
42.00
40.00
33.00
29.00
34.00
36.00
35.00
38.00
29.00
36.00
38.00
39.00
34.00
46.00
37.00
46.00
34.00
40.00
33.00
46.00
31.00
380.00
1115.00
334.00
1040.00
1128.00
783.00
470.00
547.00
1026.00
1340.00
506.00
414.00
955.00
1006.00
419.00
1265.00
1292.00
1456.00
636.00
428.00
52.00
38.00
39.00
34.00
34.00
31.00
38.00
34.00
36.00
40.00
37.00
47.00
35.00
35.00
37.00
43.00
33.00
56.00
33.00
45.00
36.00
30.00
38.00
30.00
38.00
30.00
33.00
42.00
40.00
38.00
29.00
33.00
31.00
31.00
36.00
35.00
37.00
26.00
29.00
41.00